Vertex Count: 1536

Data:

61.7781 52.4135 -31.596 1.75 -0.975 -0.8934 0.256 0.3691
62.8287 48.1083 -32.0431 1.75 -1 -0.893 -0.2563 0.3699
69.1557 48.1083 0 2 -1 -0.9667 -0.2558 -0
62.9968 53.8485 -32.1146 1.75 -0.95 -0.0839 0.9958 0.0355
61.7781 52.4135 -31.596 1.75 -0.975 -0.8934 0.256 0.3691
68.0168 52.4135 0 2 -0.975 -0.9668 0.2554 0
65.4764 52.4135 -33.1696 1.75 -0.925 0.6297 0.7319 -0.2604
62.9968 53.8485 -32.1146 1.75 -0.95 -0.0839 0.9958 0.0355
69.3379 53.8485 0 2 -0.95 -0.0921 0.9958 0
68.2081 48.1083 -34.3319 1.75 -0.9 0.8037 0.4934 -0.3326
65.4764 52.4135 -33.1696 1.75 -0.925 0.6297 0.7319 -0.2604
72.0258 52.4135 0 2 -0.925 0.682 0.7313 -0
44.6719 52.4135 -57.1546 1.5 -0.975 -0.6835 0.2561 0.6835
45.4806 48.1083 -57.9633 1.5 -1 -0.6834 -0.2567 0.6834
62.8287 48.1083 -32.0431 1.75 -1 -0.893 -0.2563 0.3699
45.61 53.8485 -58.0926 1.5 -0.95 -0.0649 0.9958 0.0649
44.6719 52.4135 -57.1546 1.5 -0.975 -0.6835 0.2561 0.6835
61.7781 52.4135 -31.596 1.75 -0.975 -0.8934 0.256 0.3691
47.5184 52.4135 -60.001 1.5 -0.925 0.4814 0.7325 -0.4814
45.61 53.8485 -58.0926 1.5 -0.95 -0.0649 0.9958 0.0649
62.9968 53.8485 -32.1146 1.75 -0.95 -0.0839 0.9958 0.0355
49.6208 48.1083 -62.1035 1.5 -0.9 0.6148 0.494 -0.6148
47.5184 52.4135 -60.001 1.5 -0.925 0.4814 0.7325 -0.4814
65.4764 52.4135 -33.1696 1.75 -0.925 0.6297 0.7319 -0.2604
19.1134 52.4135 -74.2607 1.25 -0.975 -0.3691 0.256 0.8934
19.5604 48.1083 -75.3114 1.25 -1 -0.3699 -0.2563 0.893
45.4806 48.1083 -57.9633 1.5 -1 -0.6834 -0.2567 0.6834
19.6319 53.8485 -75.4795 1.25 -0.95 -0.0355 0.9958 0.0839
19.1134 52.4135 -74.2607 1.25 -0.975 -0.3691 0.256 0.8934
44.6719 52.4135 -57.1546 1.5 -0.975 -0.6835 0.2561 0.6835
20.6869 52.4135 -77.9591 1.25 -0.925 0.2604 0.7319 -0.6297
19.6319 53.8485 -75.4795 1.25 -0.95 -0.0355 0.9958 0.0839
45.61 53.8485 -58.0926 1.5 -0.95 -0.0649 0.9958 0.0649
21.8492 48.1083 -80.6908 1.25 -0.9 0.3326 0.4934 -0.8037
20.6869 52.4135 -77.9591 1.25 -0.925 0.2604 0.7319 -0.6297
47.5184 52.4135 -60.001 1.5 -0.925 0.4814 0.7325 -0.4814
-12.4827 52.4135 -80.4995 1 -0.975 -0.0019 0.2547 0.967
-12.4827 48.1083 -81.6384 1 -1 -0.0028 -0.2579 0.9662
19.5604 48.1083 -75.3114 1.25 -1 -0.3699 -0.2563 0.893
-12.4827 53.8485 -81.8206 1 -0.95 -0.0003 0.9957 0.0923
-12.4827 52.4135 -80.4995 1 -0.975 -0.0019 0.2547 0.967
19.1134 52.4135 -74.2607 1.25 -0.975 -0.3691 0.256 0.8934
-12.4827 52.4135 -84.5085 1 -0.925 0 0.7313 -0.6821
-12.4827 53.8485 -81.8206 1 -0.95 -0.0003 0.9957 0.0923
19.6319 53.8485 -75.4795 1.25 -0.95 -0.0355 0.9958 0.0839
-12.4827 48.1083 -87.4697 1 -0.9 -0 0.4925 -0.8703
-12.4827 52.4135 -84.5085 1 -0.925 0 0.7313 -0.6821
20.6869 52.4135 -77.9591 1.25 -0.925 0.2604 0.7319 -0.6297
-45.0128 52.4135 -74.2607 0.75 -0.975 0.3771 0.1491 0.9141
-46.7398 48.1083 -75.3114 0.75 -1 0.3791 -0.3593 0.8528
-12.4827 48.1083 -81.6384 1 -1 -0.0028 -0.2579 0.9662
-44.874 53.8485 -75.4795 0.75 -0.95 0.0275 0.9921 0.1226
-45.0128 52.4135 -74.2607 0.75 -0.975 0.3771 0.1491 0.9141
-12.4827 52.4135 -80.4995 1 -0.975 -0.0019 0.2547 0.967
-45.6868 52.4135 -77.9591 0.75 -0.925 -0.261 0.7268 -0.6354
-44.874 53.8485 -75.4795 0.75 -0.95 0.0275 0.9921 0.1226
-12.4827 53.8485 -81.8206 1 -0.95 -0.0003 0.9957 0.0923
-46.8145 48.1083 -80.6908 0.75 -0.9 -0.3325 0.4925 -0.8043
-45.6868 52.4135 -77.9591 0.75 -0.925 -0.261 0.7268 -0.6354
-12.4827 52.4135 -84.5085 1 -0.925 0 0.7313 -0.6821
-70.4675 52.4135 -57.1546 0.5 -0.975 0.7127 0.0737 0.6976
-72.414 48.1083 -57.9632 0.5 -1 0.6635 -0.4108 0.6253
-46.7398 48.1083 -75.3114 0.75 -1 0.3791 -0.3593 0.8528
-70.8213 53.8485 -58.0926 0.5 -0.95 0.0997 0.9875 0.122
-70.4675 52.4135 -57.1546 0.5 -0.975 0.7127 0.0737 0.6976
-45.0128 52.4135 -74.2607 0.75 -0.975 0.3771 0.1491 0.9141
-72.5144 52.4135 -60.001 0.5 -0.925 -0.4873 0.7238 -0.4886
-70.8213 53.8485 -58.0926 0.5 -0.95 0.0997 0.9875 0.122
-44.874 53.8485 -75.4795 0.75 -0.95 0.0275 0.9921 0.1226
-74.5862 48.1083 -62.1035 0.5 -0.9 -0.6152 0.4926 -0.6155
-72.5144 52.4135 -60.001 0.5 -0.925 -0.4873 0.7238 -0.4886
-45.6868 52.4135 -77.9591 0.75 -0.925 -0.261 0.7268 -0.6354
-87.0548 52.4135 -31.596 0.25 -0.975 0.9173 0.1671 0.3615
-88.5321 48.1083 -32.0431 0.25 -1 0.88 -0.3329 0.3387
-72.414 48.1083 -57.9632 0.5 -1 0.6635 -0.4108 0.6253
-88.0544 53.8485 -32.1146 0.25 -0.95 0.1136 0.9924 0.0481
-87.0548 52.4135 -31.596 0.25 -0.975 0.9173 0.1671 0.3615
-70.4675 52.4135 -57.1546 0.5 -0.975 0.7127 0.0737 0.6976
-90.4533 52.4135 -33.1696 0.25 -0.925 -0.6341 0.7275 -0.2619
-88.0544 53.8485 -32.1146 0.25 -0.95 0.1136 0.9924 0.0481
-70.8213 53.8485 -58.0926 0.5 -0.95 0.0997 0.9875 0.122
-93.1735 48.1083 -34.3319 0.25 -0.9 -0.8041 0.4926 -0.3327
-90.4533 52.4135 -33.1696 0.25 -0.925 -0.6341 0.7275 -0.2619
-72.5144 52.4135 -60.001 0.5 -0.925 -0.4873 0.7238 -0.4886
-92.9821 52.4135 0 0 -0.975 0.9674 0.253 -0.0081
-94.121 48.1083 0 0 -1 0.9667 -0.2557 -0.0105
-88.5321 48.1083 -32.0431 0.25 -1 0.88 -0.3329 0.3387
-94.3033 53.8485 0 0 -0.95 0.0934 0.9956 -0.0013
-92.9821 52.4135 0 0 -0.975 0.9674 0.253 -0.0081
-87.0548 52.4135 -31.596 0.25 -0.975 0.9173 0.1671 0.3615
-96.9911 52.4135 0 0 -0.925 -0.6822 0.7312 0.0003
-94.3033 53.8485 0 0 -0.95 0.0934 0.9956 -0.0013
-88.0544 53.8485 -32.1146 0.25 -0.95 0.1136 0.9924 0.0481
-99.9524 48.1083 0 0 -0.9 -0.8703 0.4925 0.0001
-96.9911 52.4135 0 0 -0.925 -0.6822 0.7312 0.0003
-90.4533 52.4135 -33.1696 0.25 -0.925 -0.6341 0.7275 -0.2619
-86.7434 52.4135 31.596 1.75 -0.975 0.8934 0.256 -0.3691
-87.7941 48.1083 32.0431 1.75 -1 0.893 -0.2563 -0.3699
-94.121 48.1083 0 2 -1 0.9667 -0.2557 -0.0105
-87.9622 53.8485 32.1146 1.75 -0.95 0.0839 0.9958 -0.0355
-86.7434 52.4135 31.596 1.75 -0.975 0.8934 0.256 -0.3691
-92.9821 52.4135 0 2 -0.975 0.9674 0.253 -0.0081
-90.4417 52.4135 33.1696 1.75 -0.925 -0.6297 0.7319 0.2604
-87.9622 53.8485 32.1146 1.75 -0.95 0.0839 0.9958 -0.0355
-94.3033 53.8485 0 2 -0.95 0.0934 0.9956 -0.0013
-93.1735 48.1083 34.3319 1.75 -0.9 -0.8037 0.4934 0.3326
-90.4417 52.4135 33.1696 1.75 -0.925 -0.6297 0.7319 0.2604
-96.9911 52.4135 0 2 -0.925 -0.6822 0.7312 0.0003
-69.6373 52.4135 57.1546 1.5 -0.975 0.6835 0.2561 -0.6835
-70.4459 48.1083 57.9633 1.5 -1 0.6834 -0.2567 -0.6834
-87.7941 48.1083 32.0431 1.75 -1 0.893 -0.2563 -0.3699
-70.5753 53.8485 58.0926 1.5 -0.95 0.0649 0.9958 -0.0649
-69.6373 52.4135 57.1546 1.5 -0.975 0.6835 0.2561 -0.6835
-86.7434 52.4135 31.596 1.75 -0.975 0.8934 0.256 -0.3691
-72.4837 52.4135 60.001 1.5 -0.925 -0.4814 0.7325 0.4814
-70.5753 53.8485 58.0926 1.5 -0.95 0.0649 0.9958 -0.0649
-87.9622 53.8485 32.1146 1.75 -0.95 0.0839 0.9958 -0.0355
-74.5862 48.1083 62.1035 1.5 -0.9 -0.6148 0.494 0.6148
-72.4837 52.4135 60.001 1.5 -0.925 -0.4814 0.7325 0.4814
-90.4417 52.4135 33.1696 1.75 -0.925 -0.6297 0.7319 0.2604
-44.0787 52.4135 74.2607 1.25 -0.975 0.3691 0.256 -0.8934
-44.5257 48.1083 75.3114 1.25 -1 0.3699 -0.2563 -0.893
-70.4459 48.1083 57.9633 1.5 -1 0.6834 -0.2567 -0.6834
-44.5973 53.8485 75.4795 1.25 -0.95 0.0355 0.9958 -0.0839
-44.0787 52.4135 74.2607 1.25 -0.975 0.3691 0.256 -0.8934
-69.6373 52.4135 57.1546 1.5 -0.975 0.6835 0.2561 -0.6835
-45.6522 52.4135 77.9591 1.25 -0.925 -0.2604 0.7319 0.6297
-44.5973 53.8485 75.4795 1.25 -0.95 0.0355 0.9958 -0.0839
-70.5753 53.8485 58.0926 1.5 -0.95 0.0649 0.9958 -0.0649
-46.8145 48.1083 80.6908 1.25 -0.9 -0.3326 0.4934 0.8037
-45.6522 52.4135 77.9591 1.25 -0.925 -0.2604 0.7319 0.6297
-72.4837 52.4135 60.001 1.5 -0.925 -0.4814 0.7325 0.4814
-12.4827 52.4135 80.4995 1 -0.975 -0 0.2554 -0.9668
-12.4827 48.1083 81.6384 1 -1 0 -0.2558 -0.9667
-44.5257 48.1083 75.3114 1.25 -1 0.3699 -0.2563 -0.893
-12.4827 53.8485 81.8206 1 -0.95 -0 0.9958 -0.0921
-12.4827 52.4135 80.4995 1 -0.975 -0 0.2554 -0.9668
-44.0787 52.4135 74.2607 1.25 -0.975 0.3691 0.256 -0.8934
-12.4827 52.4135 84.5085 1 -0.925 0 0.7313 0.682
-12.4827 53.8485 81.8206 1 -0.95 -0 0.9958 -0.0921
-44.5973 53.8485 75.4795 1.25 -0.95 0.0355 0.9958 -0.0839
-12.4827 48.1083 87.4697 1 -0.9 0 0.4925 0.8703
-12.4827 52.4135 84.5085 1 -0.925 0 0.7313 0.682
-45.6522 52.4135 77.9591 1.25 -0.925 -0.2604 0.7319 0.6297
19.1134 52.4135 74.2607 0.75 -0.975 -0.3691 0.256 -0.8934
19.5604 48.1083 75.3114 0.75 -1 -0.3699 -0.2563 -0.893
-12.4827 48.1083 81.6384 1 -1 0 -0.2558 -0.9667
19.6319 53.8485 75.4795 0.75 -0.95 -0.0355 0.9958 -0.0839
19.1134 52.4135 74.2607 0.75 -0.975 -0.3691 0.256 -0.8934
-12.4827 52.4135 80.4995 1 -0.975 -0 0.2554 -0.9668
20.6869 52.4135 77.9591 0.75 -0.925 0.2604 0.7319 0.6297
19.6319 53.8485 75.4795 0.75 -0.95 -0.0355 0.9958 -0.0839
-12.4827 53.8485 81.8206 1 -0.95 -0 0.9958 -0.0921
21.8492 48.1083 80.6908 0.75 -0.9 0.3326 0.4934 0.8037
20.6869 52.4135 77.9591 0.75 -0.925 0.2604 0.7319 0.6297
-12.4827 52.4135 84.5085 1 -0.925 0 0.7313 0.682
44.6719 52.4135 57.1546 0.5 -0.975 -0.6835 0.2561 -0.6835
45.4806 48.1083 57.9632 0.5 -1 -0.6834 -0.2567 -0.6834
19.5604 48.1083 75.3114 0.75 -1 -0.3699 -0.2563 -0.893
45.61 53.8485 58.0926 0.5 -0.95 -0.0649 0.9958 -0.0649
44.6719 52.4135 57.1546 0.5 -0.975 -0.6835 0.2561 -0.6835
19.1134 52.4135 74.2607 0.75 -0.975 -0.3691 0.256 -0.8934
47.5184 52.4135 60.001 0.5 -0.925 0.4814 0.7325 0.4814
45.61 53.8485 58.0926 0.5 -0.95 -0.0649 0.9958 -0.0649
19.6319 53.8485 75.4795 0.75 -0.95 -0.0355 0.9958 -0.0839
49.6208 48.1083 62.1035 0.5 -0.9 0.6148 0.494 0.6148
47.5184 52.4135 60.001 0.5 -0.925 0.4814 0.7325 0.4814
20.6869 52.4135 77.9591 0.75 -0.925 0.2604 0.7319 0.6297
61.7781 52.4135 31.596 0.25 -0.975 -0.8934 0.256 -0.3691
62.8287 48.1083 32.0431 0.25 -1 -0.893 -0.2563 -0.3699
45.4806 48.1083 57.9632 0.5 -1 -0.6834 -0.2567 -0.6834
62.9968 53.8485 32.1146 0.25 -0.95 -0.0839 0.9958 -0.0355
61.7781 52.4135 31.596 0.25 -0.975 -0.8934 0.256 -0.3691
44.6719 52.4135 57.1546 0.5 -0.975 -0.6835 0.2561 -0.6835
65.4764 52.4135 33.1696 0.25 -0.925 0.6297 0.7319 0.2604
62.9968 53.8485 32.1146 0.25 -0.95 -0.0839 0.9958 -0.0355
45.61 53.8485 58.0926 0.5 -0.95 -0.0649 0.9958 -0.0649
68.2081 48.1083 34.3319 0.25 -0.9 0.8037 0.4934 0.3326
65.4764 52.4135 33.1696 0.25 -0.925 0.6297 0.7319 0.2604
47.5184 52.4135 60.001 0.5 -0.925 0.4814 0.7325 0.4814
68.0168 52.4135 0 0 -0.975 -0.9668 0.2554 0
69.1557 48.1083 0 0 -1 -0.9667 -0.2558 -0
62.8287 48.1083 32.0431 0.25 -1 -0.893 -0.2563 -0.3699
69.3379 53.8485 0 0 -0.95 -0.0921 0.9958 0
68.0168 52.4135 0 0 -0.975 -0.9668 0.2554 0
61.7781 52.4135 31.596 0.25 -0.975 -0.8934 0.256 -0.3691
72.0258 52.4135 0 0 -0.925 0.682 0.7313 -0
69.3379 53.8485 0 0 -0.95 -0.0921 0.9958 0
62.9968 53.8485 32.1146 0.25 -0.95 -0.0839 0.9958 -0.0355
74.987 48.1083 0 0 -0.9 0.8703 0.4925 -0
72.0258 52.4135 0 0 -0.925 0.682 0.7313 -0
65.4764 52.4135 33.1696 0.25 -0.925 0.6297 0.7319 0.2604
78.0843 25.2159 -38.5339 1.75 -0.675 0.8454 0.4035 -0.3498
68.2081 48.1083 -34.3319 1.75 -0.9 0.8037 0.4934 -0.3326
74.987 48.1083 0 2 -0.9 0.8703 0.4925 -0
86.6998 2.7334 -42.1996 1.75 -0.45 0.87 0.3369 -0.36
78.0843 25.2159 -38.5339 1.75 -0.675 0.8454 0.4035 -0.3498
85.693 25.2159 0 2 -0.675 0.9153 0.4027 -0
92.7936 -18.929 -44.7923 1.75 -0.225 0.9042 0.2058 -0.3743
86.6998 2.7334 -42.1996 1.75 -0.45 0.87 0.3369 -0.36
95.0322 2.7334 0 2 -0.45 0.9418 0.3362 -0
95.1051 -39.3614 -45.7758 1.75 0 0.9219 -0.0664 -0.3818
92.7936 -18.929 -44.7923 1.75 -0.225 0.9042 0.2058 -0.3743
101.638 -18.929 0 2 -0.225 0.9787 0.2053 -0
57.222 25.2159 -69.7047 1.5 -0.675 0.6468 0.4041 -0.6468
49.6208 48.1083 -62.1035 1.5 -0.9 0.6148 0.494 -0.6148
68.2081 48.1083 -34.3319 1.75 -0.9 0.8037 0.4934 -0.3326
63.8529 2.7334 -76.3355 1.5 -0.45 0.6657 0.3374 -0.6657
57.222 25.2159 -69.7047 1.5 -0.675 0.6468 0.4041 -0.6468
78.0843 25.2159 -38.5339 1.75 -0.675 0.8454 0.4035 -0.3498
68.543 -18.929 -81.0256 1.5 -0.225 0.6919 0.2061 -0.6919
63.8529 2.7334 -76.3355 1.5 -0.45 0.6657 0.3374 -0.6657
86.6998 2.7334 -42.1996 1.75 -0.45 0.87 0.3369 -0.36
70.322 -39.3614 -82.8046 1.5 0 0.7055 -0.0665 -0.7055
68.543 -18.929 -81.0256 1.5 -0.225 0.6919 0.2061 -0.6919
92.7936 -18.929 -44.7923 1.75 -0.225 0.9042 0.2058 -0.3743
26.0513 25.2159 -90.567 1.25 -0.675 0.3498 0.4035 -0.8454
21.8492 48.1083 -80.6908 1.25 -0.9 0.3326 0.4934 -0.8037
49.6208 48.1083 -62.1035 1.5 -0.9 0.6148 0.494 -0.6148
29.7169 2.7334 -99.1824 1.25 -0.45 0.36 0.3369 -0.87
26.0513 25.2159 -90.567 1.25 -0.675 0.3498 0.4035 -0.8454
57.222 25.2159 -69.7047 1.5 -0.675 0.6468 0.4041 -0.6468
32.3097 -18.929 -105.276 1.25 -0.225 0.3743 0.2058 -0.9042
29.7169 2.7334 -99.1824 1.25 -0.45 0.36 0.3369 -0.87
63.8529 2.7334 -76.3355 1.5 -0.45 0.6657 0.3374 -0.6657
33.2931 -39.3614 -107.588 1.25 0 0.3818 -0.0664 -0.9219
32.3097 -18.929 -105.276 1.25 -0.225 0.3743 0.2058 -0.9042
68.543 -18.929 -81.0256 1.5 -0.225 0.6919 0.2061 -0.6919
-12.4827 25.2159 -98.1756 1 -0.675 -0 0.4027 -0.9153
-12.4827 48.1083 -87.4697 1 -0.9 -0 0.4925 -0.8703
21.8492 48.1083 -80.6908 1.25 -0.9 0.3326 0.4934 -0.8037
-12.4827 2.7334 -107.515 1 -0.45 -0 0.3362 -0.9418
-12.4827 25.2159 -98.1756 1 -0.675 -0 0.4027 -0.9153
26.0513 25.2159 -90.567 1.25 -0.675 0.3498 0.4035 -0.8454
-12.4827 -18.929 -114.121 1 -0.225 -0 0.2053 -0.9787
-12.4827 2.7334 -107.515 1 -0.45 -0 0.3362 -0.9418
29.7169 2.7334 -99.1824 1.25 -0.45 0.36 0.3369 -0.87
-12.4827 -39.3614 -116.626 1 0 -0 -0.0662 -0.9978
-12.4827 -18.929 -114.121 1 -0.225 -0 0.2053 -0.9787
32.3097 -18.929 -105.276 1.25 -0.225 0.3743 0.2058 -0.9042
-51.0166 25.2159 -90.567 0.75 -0.675 -0.3498 0.4035 -0.8454
-46.8145 48.1083 -80.6908 0.75 -0.9 -0.3325 0.4925 -0.8043
-12.4827 48.1083 -87.4697 1 -0.9 -0 0.4925 -0.8703
-54.6822 2.7334 -99.1824 0.75 -0.45 -0.36 0.3369 -0.87
-51.0166 25.2159 -90.567 0.75 -0.675 -0.3498 0.4035 -0.8454
-12.4827 25.2159 -98.1756 1 -0.675 -0 0.4027 -0.9153
-57.275 -18.929 -105.276 0.75 -0.225 -0.3743 0.2058 -0.9042
-54.6822 2.7334 -99.1824 0.75 -0.45 -0.36 0.3369 -0.87
-12.4827 2.7334 -107.515 1 -0.45 -0 0.3362 -0.9418
-58.2585 -39.3614 -107.588 0.75 0 -0.3818 -0.0664 -0.9219
-57.275 -18.929 -105.276 0.75 -0.225 -0.3743 0.2058 -0.9042
-12.4827 -18.929 -114.121 1 -0.225 -0 0.2053 -0.9787
-82.1874 25.2159 -69.7047 0.5 -0.675 -0.6468 0.4041 -0.6468
-74.5862 48.1083 -62.1035 0.5 -0.9 -0.6152 0.4926 -0.6155
-46.8145 48.1083 -80.6908 0.75 -0.9 -0.3325 0.4925 -0.8043
-88.8182 2.7334 -76.3355 0.5 -0.45 -0.6657 0.3374 -0.6657
-82.1874 25.2159 -69.7047 0.5 -0.675 -0.6468 0.4041 -0.6468
-51.0166 25.2159 -90.567 0.75 -0.675 -0.3498 0.4035 -0.8454
-93.5083 -18.929 -81.0256 0.5 -0.225 -0.6919 0.2061 -0.6919
-88.8182 2.7334 -76.3355 0.5 -0.45 -0.6657 0.3374 -0.6657
-54.6822 2.7334 -99.1824 0.75 -0.45 -0.36 0.3369 -0.87
-95.2873 -39.3614 -82.8046 0.5 0 -0.7055 -0.0665 -0.7055
-93.5083 -18.929 -81.0256 0.5 -0.225 -0.6919 0.2061 -0.6919
-57.275 -18.929 -105.276 0.75 -0.225 -0.3743 0.2058 -0.9042
-103.05 25.2159 -38.5339 0.25 -0.675 -0.8454 0.4035 -0.3498
-93.1735 48.1083 -34.3319 0.25 -0.9 -0.8041 0.4926 -0.3327
-74.5862 48.1083 -62.1035 0.5 -0.9 -0.6152 0.4926 -0.6155
-111.665 2.7334 -42.1996 0.25 -0.45 -0.87 0.3369 -0.36
-103.05 25.2159 -38.5339 0.25 -0.675 -0.8454 0.4035 -0.3498
-82.1874 25.2159 -69.7047 0.5 -0.675 -0.6468 0.4041 -0.6468
-117.759 -18.929 -44.7923 0.25 -0.225 -0.9042 0.2058 -0.3743
-111.665 2.7334 -42.1996 0.25 -0.45 -0.87 0.3369 -0.36
-88.8182 2.7334 -76.3355 0.5 -0.45 -0.6657 0.3374 -0.6657
-120.07 -39.3614 -45.7758 0.25 0 -0.9219 -0.0664 -0.3818
-117.759 -18.929 -44.7923 0.25 -0.225 -0.9042 0.2058 -0.3743
-93.5083 -18.929 -81.0256 0.5 -0.225 -0.6919 0.2061 -0.6919
-110.658 25.2159 0 0 -0.675 -0.9153 0.4027 0
-99.9524 48.1083 0 0 -0.9 -0.8703 0.4925 0.0001
-93.1735 48.1083 -34.3319 0.25 -0.9 -0.8041 0.4926 -0.3327
-119.997 2.7334 0 0 -0.45 -0.9418 0.3362 0
-110.658 25.2159 0 0 -0.675 -0.9153 0.4027 0
-103.05 25.2159 -38.5339 0.25 -0.675 -0.8454 0.4035 -0.3498
-126.603 -18.929 0 0 -0.225 -0.9787 0.2053 0
-119.997 2.7334 0 0 -0.45 -0.9418 0.3362 0
-111.665 2.7334 -42.1996 0.25 -0.45 -0.87 0.3369 -0.36
-129.109 -39.3614 0 0 0 -0.9978 -0.0662 0
-126.603 -18.929 0 0 -0.225 -0.9787 0.2053 0
-117.759 -18.929 -44.7923 0.25 -0.225 -0.9042 0.2058 -0.3743
-103.05 25.2159 38.5339 1.75 -0.675 -0.8454 0.4035 0.3498
-93.1735 48.1083 34.3319 1.75 -0.9 -0.8037 0.4934 0.3326
-99.9524 48.1083 0 2 -0.9 -0.8703 0.4925 0.0001
-111.665 2.7334 42.1996 1.75 -0.45 -0.87 0.3369 0.36
-103.05 25.2159 38.5339 1.75 -0.675 -0.8454 0.4035 0.3498
-110.658 25.2159 0 2 -0.675 -0.9153 0.4027 0
-117.759 -18.929 44.7923 1.75 -0.225 -0.9042 0.2058 0.3743
-111.665 2.7334 42.1996 1.75 -0.45 -0.87 0.3369 0.36
-119.997 2.7334 0 2 -0.45 -0.9418 0.3362 0
-120.07 -39.3614 45.7758 1.75 0 -0.9219 -0.0664 0.3818
-117.759 -18.929 44.7923 1.75 -0.225 -0.9042 0.2058 0.3743
-126.603 -18.929 0 2 -0.225 -0.9787 0.2053 0
-82.1874 25.2159 69.7047 1.5 -0.675 -0.6468 0.4041 0.6468
-74.5862 48.1083 62.1035 1.5 -0.9 -0.6148 0.494 0.6148
-93.1735 48.1083 34.3319 1.75 -0.9 -0.8037 0.4934 0.3326
-88.8182 2.7334 76.3355 1.5 -0.45 -0.6657 0.3374 0.6657
-82.1874 25.2159 69.7047 1.5 -0.675 -0.6468 0.4041 0.6468
-103.05 25.2159 38.5339 1.75 -0.675 -0.8454 0.4035 0.3498
-93.5083 -18.929 81.0256 1.5 -0.225 -0.6919 0.2061 0.6919
-88.8182 2.7334 76.3355 1.5 -0.45 -0.6657 0.3374 0.6657
-111.665 2.7334 42.1996 1.75 -0.45 -0.87 0.3369 0.36
-95.2873 -39.3614 82.8046 1.5 0 -0.7055 -0.0665 0.7055
-93.5083 -18.929 81.0256 1.5 -0.225 -0.6919 0.2061 0.6919
-117.759 -18.929 44.7923 1.75 -0.225 -0.9042 0.2058 0.3743
-51.0166 25.2159 90.567 1.25 -0.675 -0.3498 0.4035 0.8454
-46.8145 48.1083 80.6908 1.25 -0.9 -0.3326 0.4934 0.8037
-74.5862 48.1083 62.1035 1.5 -0.9 -0.6148 0.494 0.6148
-54.6822 2.7334 99.1824 1.25 -0.45 -0.36 0.3369 0.87
-51.0166 25.2159 90.567 1.25 -0.675 -0.3498 0.4035 0.8454
-82.1874 25.2159 69.7047 1.5 -0.675 -0.6468 0.4041 0.6468
-57.275 -18.929 105.276 1.25 -0.225 -0.3743 0.2058 0.9042
-54.6822 2.7334 99.1824 1.25 -0.45 -0.36 0.3369 0.87
-88.8182 2.7334 76.3355 1.5 -0.45 -0.6657 0.3374 0.6657
-58.2585 -39.3614 107.588 1.25 0 -0.3818 -0.0664 0.9219
-57.275 -18.929 105.276 1.25 -0.225 -0.3743 0.2058 0.9042
-93.5083 -18.929 81.0256 1.5 -0.225 -0.6919 0.2061 0.6919
-12.4827 25.2159 98.1756 1 -0.675 0 0.4027 0.9153
-12.4827 48.1083 87.4697 1 -0.9 0 0.4925 0.8703
-46.8145 48.1083 80.6908 1.25 -0.9 -0.3326 0.4934 0.8037
-12.4827 2.7334 107.515 1 -0.45 0 0.3362 0.9418
-12.4827 25.2159 98.1756 1 -0.675 0 0.4027 0.9153
-51.0166 25.2159 90.567 1.25 -0.675 -0.3498 0.4035 0.8454
-12.4827 -18.929 114.121 1 -0.225 0 0.2053 0.9787
-12.4827 2.7334 107.515 1 -0.45 0 0.3362 0.9418
-54.6822 2.7334 99.1824 1.25 -0.45 -0.36 0.3369 0.87
-12.4827 -39.3614 116.626 1 0 0 -0.0662 0.9978
-12.4827 -18.929 114.121 1 -0.225 0 0.2053 0.9787
-57.275 -18.929 105.276 1.25 -0.225 -0.3743 0.2058 0.9042
26.0513 25.2159 90.567 0.75 -0.675 0.3498 0.4035 0.8454
21.8492 48.1083 80.6908 0.75 -0.9 0.3326 0.4934 0.8037
-12.4827 48.1083 87.4697 1 -0.9 0 0.4925 0.8703
29.7169 2.7334 99.1824 0.75 -0.45 0.36 0.3369 0.87
26.0513 25.2159 90.567 0.75 -0.675 0.3498 0.4035 0.8454
-12.4827 25.2159 98.1756 1 -0.675 0 0.4027 0.9153
32.3097 -18.929 105.276 0.75 -0.225 0.3743 0.2058 0.9042
29.7169 2.7334 99.1824 0.75 -0.45 0.36 0.3369 0.87
-12.4827 2.7334 107.515 1 -0.45 0 0.3362 0.9418
33.2931 -39.3614 107.588 0.75 0 0.3818 -0.0664 0.9219
32.3097 -18.929 105.276 0.75 -0.225 0.3743 0.2058 0.9042
-12.4827 -18.929 114.121 1 -0.225 0 0.2053 0.9787
57.222 25.2159 69.7047 0.5 -0.675 0.6468 0.4041 0.6468
49.6208 48.1083 62.1035 0.5 -0.9 0.6148 0.494 0.6148
21.8492 48.1083 80.6908 0.75 -0.9 0.3326 0.4934 0.8037
63.8529 2.7334 76.3355 0.5 -0.45 0.6657 0.3374 0.6657
57.222 25.2159 69.7047 0.5 -0.675 0.6468 0.4041 0.6468
26.0513 25.2159 90.567 0.75 -0.675 0.3498 0.4035 0.8454
68.543 -18.929 81.0256 0.5 -0.225 0.6919 0.2061 0.6919
63.8529 2.7334 76.3355 0.5 -0.45 0.6657 0.3374 0.6657
29.7169 2.7334 99.1824 0.75 -0.45 0.36 0.3369 0.87
70.322 -39.3614 82.8046 0.5 0 0.7055 -0.0665 0.7055
68.543 -18.929 81.0256 0.5 -0.225 0.6919 0.2061 0.6919
32.3097 -18.929 105.276 0.75 -0.225 0.3743 0.2058 0.9042
78.0844 25.2159 38.5339 0.25 -0.675 0.8454 0.4035 0.3498
68.2081 48.1083 34.3319 0.25 -0.9 0.8037 0.4934 0.3326
49.6208 48.1083 62.1035 0.5 -0.9 0.6148 0.494 0.6148
86.6998 2.7334 42.1996 0.25 -0.45 0.87 0.3369 0.36
78.0844 25.2159 38.5339 0.25 -0.675 0.8454 0.4035 0.3498
57.222 25.2159 69.7047 0.5 -0.675 0.6468 0.4041 0.6468
92.7936 -18.929 44.7923 0.25 -0.225 0.9042 0.2058 0.3743
86.6998 2.7334 42.1996 0.25 -0.45 0.87 0.3369 0.36
63.8529 2.7334 76.3355 0.5 -0.45 0.6657 0.3374 0.6657
95.1051 -39.3614 45.7758 0.25 0 0.9219 -0.0664 0.3818
92.7936 -18.929 44.7923 0.25 -0.225 0.9042 0.2058 0.3743
68.543 -18.929 81.0256 0.5 -0.225 0.6919 0.2061 0.6919
85.693 25.2159 0 0 -0.675 0.9153 0.4027 -0
74.987 48.1083 0 0 -0.9 0.8703 0.4925 -0
68.2081 48.1083 34.3319 0.25 -0.9 0.8037 0.4934 0.3326
95.0322 2.7334 0 0 -0.45 0.9418 0.3362 -0
85.693 25.2159 0 0 -0.675 0.9153 0.4027 -0
78.0844 25.2159 38.5339 0.25 -0.675 0.8454 0.4035 0.3498
101.638 -18.929 0 0 -0.225 0.9787 0.2053 -0
95.0322 2.7334 0 0 -0.45 0.9418 0.3362 -0
86.6998 2.7334 42.1996 0.25 -0.45 0.87 0.3369 0.36
104.144 -39.3614 0 0 0 0.9978 -0.0662 -0
101.638 -18.929 0 0 -0.225 0.9787 0.2053 -0
92.7936 -18.929 44.7923 0.25 -0.225 0.9042 0.2058 0.3743
90.9024 -56.6503 -43.9877 1.75 0.15 0.8314 -0.4362 -0.3442
95.1051 -39.3614 -45.7758 1.75 0 0.9219 -0.0664 -0.3818
104.144 -39.3614 0 2 0 0.9978 -0.0662 -0
81.6566 -69.4291 -40.0538 1.75 0.3 0.6735 -0.6847 -0.2786
90.9024 -56.6503 -43.9877 1.75 0.15 0.8314 -0.4362 -0.3442
99.5879 -56.6503 0 2 0.15 0.9002 -0.4355 0
72.4108 -78.1077 -36.12 1.75 0.45 0.6404 -0.7209 -0.2649
81.6566 -69.4291 -40.0538 1.75 0.3 0.6735 -0.6847 -0.2786
89.5653 -69.4291 0 2 0.3 0.7296 -0.6839 0
68.2081 -83.0962 -34.3319 1.75 0.6 0.7329 -0.609 -0.3032
72.4108 -78.1077 -36.12 1.75 0.45 0.6404 -0.7209 -0.2649
79.5427 -78.1077 0 2 0.45 0.694 -0.72 -0
67.0874 -56.6503 -79.5701 1.5 0.15 0.6361 -0.4368 -0.6361
70.322 -39.3614 -82.8046 1.5 0 0.7055 -0.0665 -0.7055
95.1051 -39.3614 -45.7758 1.75 0 0.9219 -0.0664 -0.3818
59.9714 -69.4291 -72.4541 1.5 0.3 0.515 -0.6853 -0.515
67.0874 -56.6503 -79.5701 1.5 0.15 0.6361 -0.4368 -0.6361
90.9024 -56.6503 -43.9877 1.75 0.15 0.8314 -0.4362 -0.3442
52.8554 -78.1077 -65.338 1.5 0.45 0.4897 -0.7214 -0.4897
59.9714 -69.4291 -72.4541 1.5 0.3 0.515 -0.6853 -0.515
81.6566 -69.4291 -40.0538 1.75 0.3 0.6735 -0.6847 -0.2786
49.6208 -83.0962 -62.1035 1.5 0.6 0.5606 -0.6096 -0.5606
52.8554 -78.1077 -65.338 1.5 0.45 0.4897 -0.7214 -0.4897
72.4108 -78.1077 -36.12 1.75 0.45 0.6404 -0.7209 -0.2649
31.505 -56.6503 -103.385 1.25 0.15 0.3442 -0.4362 -0.8314
33.2931 -39.3614 -107.588 1.25 0 0.3818 -0.0664 -0.9219
70.322 -39.3614 -82.8046 1.5 0 0.7055 -0.0665 -0.7055
27.5712 -69.4291 -94.1393 1.25 0.3 0.2786 -0.6847 -0.6735
31.505 -56.6503 -103.385 1.25 0.15 0.3442 -0.4362 -0.8314
67.0874 -56.6503 -79.5701 1.5 0.15 0.6361 -0.4368 -0.6361
23.6373 -78.1077 -84.8934 1.25 0.45 0.2649 -0.7209 -0.6404
27.5712 -69.4291 -94.1393 1.25 0.3 0.2786 -0.6847 -0.6735
59.9714 -69.4291 -72.4541 1.5 0.3 0.515 -0.6853 -0.515
21.8492 -83.0962 -80.6908 1.25 0.6 0.3032 -0.609 -0.7329
23.6373 -78.1077 -84.8934 1.25 0.45 0.2649 -0.7209 -0.6404
52.8554 -78.1077 -65.338 1.5 0.45 0.4897 -0.7214 -0.4897
-12.4827 -56.6503 -112.071 1 0.15 0 -0.4355 -0.9002
-12.4827 -39.3614 -116.626 1 0 -0 -0.0662 -0.9978
33.2931 -39.3614 -107.588 1.25 0 0.3818 -0.0664 -0.9219
-12.4827 -69.4291 -102.048 1 0.3 0 -0.6839 -0.7296
-12.4827 -56.6503 -112.071 1 0.15 0 -0.4355 -0.9002
31.505 -56.6503 -103.385 1.25 0.15 0.3442 -0.4362 -0.8314
-12.4827 -78.1077 -92.0254 1 0.45 -0 -0.72 -0.694
-12.4827 -69.4291 -102.048 1 0.3 0 -0.6839 -0.7296
27.5712 -69.4291 -94.1393 1.25 0.3 0.2786 -0.6847 -0.6735
-12.4827 -83.0962 -87.4697 1 0.6 0 -0.608 -0.7939
-12.4827 -78.1077 -92.0254 1 0.45 -0 -0.72 -0.694
23.6373 -78.1077 -84.8934 1.25 0.45 0.2649 -0.7209 -0.6404
-56.4704 -56.6503 -103.385 0.75 0.15 -0.3442 -0.4362 -0.8314
-58.2585 -39.3614 -107.588 0.75 0 -0.3818 -0.0664 -0.9219
-12.4827 -39.3614 -116.626 1 0 -0 -0.0662 -0.9978
-52.5365 -69.4291 -94.1393 0.75 0.3 -0.2786 -0.6847 -0.6735
-56.4704 -56.6503 -103.385 0.75 0.15 -0.3442 -0.4362 -0.8314
-12.4827 -56.6503 -112.071 1 0.15 0 -0.4355 -0.9002
-48.6026 -78.1077 -84.8934 0.75 0.45 -0.2649 -0.7209 -0.6404
-52.5365 -69.4291 -94.1393 0.75 0.3 -0.2786 -0.6847 -0.6735
-12.4827 -69.4291 -102.048 1 0.3 0 -0.6839 -0.7296
-46.8145 -83.0962 -80.6908 0.75 0.6 -0.3032 -0.609 -0.7329
-48.6026 -78.1077 -84.8934 0.75 0.45 -0.2649 -0.7209 -0.6404
-12.4827 -78.1077 -92.0254 1 0.45 -0 -0.72 -0.694
-92.0528 -56.6503 -79.5701 0.5 0.15 -0.6361 -0.4368 -0.6361
-95.2873 -39.3614 -82.8046 0.5 0 -0.7055 -0.0665 -0.7055
-58.2585 -39.3614 -107.588 0.75 0 -0.3818 -0.0664 -0.9219
-84.9367 -69.4291 -72.4541 0.5 0.3 -0.515 -0.6853 -0.515
-92.0528 -56.6503 -79.5701 0.5 0.15 -0.6361 -0.4368 -0.6361
-56.4704 -56.6503 -103.385 0.75 0.15 -0.3442 -0.4362 -0.8314
-77.8207 -78.1077 -65.338 0.5 0.45 -0.4897 -0.7214 -0.4897
-84.9367 -69.4291 -72.4541 0.5 0.3 -0.515 -0.6853 -0.515
-52.5365 -69.4291 -94.1393 0.75 0.3 -0.2786 -0.6847 -0.6735
-74.5862 -83.0962 -62.1035 0.5 0.6 -0.5606 -0.6096 -0.5606
-77.8207 -78.1077 -65.338 0.5 0.45 -0.4897 -0.7214 -0.4897
-48.6026 -78.1077 -84.8934 0.75 0.45 -0.2649 -0.7209 -0.6404
-115.868 -56.6503 -43.9877 0.25 0.15 -0.8314 -0.4362 -0.3442
-120.07 -39.3614 -45.7758 0.25 0 -0.9219 -0.0664 -0.3818
-95.2873 -39.3614 -82.8046 0.5 0 -0.7055 -0.0665 -0.7055
-106.622 -69.4291 -40.0538 0.25 0.3 -0.6735 -0.6847 -0.2786
-115.868 -56.6503 -43.9877 0.25 0.15 -0.8314 -0.4362 -0.3442
-92.0528 -56.6503 -79.5701 0.5 0.15 -0.6361 -0.4368 -0.6361
-97.3761 -78.1077 -36.12 0.25 0.45 -0.6404 -0.7209 -0.2649
-106.622 -69.4291 -40.0538 0.25 0.3 -0.6735 -0.6847 -0.2786
-84.9367 -69.4291 -72.4541 0.5 0.3 -0.515 -0.6853 -0.515
-93.1735 -83.0962 -34.3319 0.25 0.6 -0.7329 -0.609 -0.3032
-97.3761 -78.1077 -36.12 0.25 0.45 -0.6404 -0.7209 -0.2649
-77.8207 -78.1077 -65.338 0.5 0.45 -0.4897 -0.7214 -0.4897
-124.553 -56.6503 0 0 0.15 -0.9002 -0.4355 -0
-129.109 -39.3614 0 0 0 -0.9978 -0.0662 0
-120.07 -39.3614 -45.7758 0.25 0 -0.9219 -0.0664 -0.3818
-114.531 -69.4291 0 0 0.3 -0.7296 -0.6839 -0
-124.553 -56.6503 0 0 0.15 -0.9002 -0.4355 -0
-115.868 -56.6503 -43.9877 0.25 0.15 -0.8314 -0.4362 -0.3442
-104.508 -78.1077 0 0 0.45 -0.694 -0.72 0
-114.531 -69.4291 0 0 0.3 -0.7296 -0.6839 -0
-106.622 -69.4291 -40.0538 0.25 0.3 -0.6735 -0.6847 -0.2786
-99.9524 -83.0962 0 0 0.6 -0.7939 -0.608 -0
-104.508 -78.1077 0 0 0.45 -0.694 -0.72 0
-97.3761 -78.1077 -36.12 0.25 0.45 -0.6404 -0.7209 -0.2649
-115.868 -56.6503 43.9877 1.75 0.15 -0.8314 -0.4362 0.3442
-120.07 -39.3614 45.7758 1.75 0 -0.9219 -0.0664 0.3818
-129.109 -39.3614 0 2 0 -0.9978 -0.0662 0
-106.622 -69.4291 40.0538 1.75 0.3 -0.6735 -0.6847 0.2786
-115.868 -56.6503 43.9877 1.75 0.15 -0.8314 -0.4362 0.3442
-124.553 -56.6503 0 2 0.15 -0.9002 -0.4355 -0
-97.3761 -78.1077 36.12 1.75 0.45 -0.6404 -0.7209 0.2649
-106.622 -69.4291 40.0538 1.75 0.3 -0.6735 -0.6847 0.2786
-114.531 -69.4291 0 2 0.3 -0.7296 -0.6839 -0
-93.1735 -83.0962 34.3319 1.75 0.6 -0.7329 -0.609 0.3032
-97.3761 -78.1077 36.12 1.75 0.45 -0.6404 -0.7209 0.2649
-104.508 -78.1077 0 2 0.45 -0.694 -0.72 0
-92.0528 -56.6503 79.5701 1.5 0.15 -0.6361 -0.4368 0.6361
-95.2873 -39.3614 82.8046 1.5 0 -0.7055 -0.0665 0.7055
-120.07 -39.3614 45.7758 1.75 0 -0.9219 -0.0664 0.3818
-84.9367 -69.4291 72.4541 1.5 0.3 -0.515 -0.6853 0.515
-92.0528 -56.6503 79.5701 1.5 0.15 -0.6361 -0.4368 0.6361
-115.868 -56.6503 43.9877 1.75 0.15 -0.8314 -0.4362 0.3442
-77.8207 -78.1077 65.338 1.5 0.45 -0.4897 -0.7214 0.4897
-84.9367 -69.4291 72.4541 1.5 0.3 -0.515 -0.6853 0.515
-106.622 -69.4291 40.0538 1.75 0.3 -0.6735 -0.6847 0.2786
-74.5862 -83.0962 62.1035 1.5 0.6 -0.5606 -0.6096 0.5606
-77.8207 -78.1077 65.338 1.5 0.45 -0.4897 -0.7214 0.4897
-97.3761 -78.1077 36.12 1.75 0.45 -0.6404 -0.7209 0.2649
-56.4704 -56.6503 103.385 1.25 0.15 -0.3442 -0.4362 0.8314
-58.2585 -39.3614 107.588 1.25 0 -0.3818 -0.0664 0.9219
-95.2873 -39.3614 82.8046 1.5 0 -0.7055 -0.0665 0.7055
-52.5365 -69.4291 94.1393 1.25 0.3 -0.2786 -0.6847 0.6735
-56.4704 -56.6503 103.385 1.25 0.15 -0.3442 -0.4362 0.8314
-92.0528 -56.6503 79.5701 1.5 0.15 -0.6361 -0.4368 0.6361
-48.6026 -78.1077 84.8934 1.25 0.45 -0.2649 -0.7209 0.6404
-52.5365 -69.4291 94.1393 1.25 0.3 -0.2786 -0.6847 0.6735
-84.9367 -69.4291 72.4541 1.5 0.3 -0.515 -0.6853 0.515
-46.8145 -83.0962 80.6908 1.25 0.6 -0.3032 -0.609 0.7329
-48.6026 -78.1077 84.8934 1.25 0.45 -0.2649 -0.7209 0.6404
-77.8207 -78.1077 65.338 1.5 0.45 -0.4897 -0.7214 0.4897
-12.4827 -56.6503 112.071 1 0.15 -0 -0.4355 0.9002
-12.4827 -39.3614 116.626 1 0 0 -0.0662 0.9978
-58.2585 -39.3614 107.588 1.25 0 -0.3818 -0.0664 0.9219
-12.4827 -69.4291 102.048 1 0.3 -0 -0.6839 0.7296
-12.4827 -56.6503 112.071 1 0.15 -0 -0.4355 0.9002
-56.4704 -56.6503 103.385 1.25 0.15 -0.3442 -0.4362 0.8314
-12.4827 -78.1077 92.0254 1 0.45 0 -0.72 0.694
-12.4827 -69.4291 102.048 1 0.3 -0 -0.6839 0.7296
-52.5365 -69.4291 94.1393 1.25 0.3 -0.2786 -0.6847 0.6735
-12.4827 -83.0962 87.4697 1 0.6 -0 -0.608 0.7939
-12.4827 -78.1077 92.0254 1 0.45 0 -0.72 0.694
-48.6026 -78.1077 84.8934 1.25 0.45 -0.2649 -0.7209 0.6404
31.505 -56.6503 103.385 0.75 0.15 0.3442 -0.4362 0.8314
33.2931 -39.3614 107.588 0.75 0 0.3818 -0.0664 0.9219
-12.4827 -39.3614 116.626 1 0 0 -0.0662 0.9978
27.5712 -69.4291 94.1393 0.75 0.3 0.2786 -0.6847 0.6735
31.505 -56.6503 103.385 0.75 0.15 0.3442 -0.4362 0.8314
-12.4827 -56.6503 112.071 1 0.15 -0 -0.4355 0.9002
23.6373 -78.1077 84.8934 0.75 0.45 0.2649 -0.7209 0.6404
27.5712 -69.4291 94.1393 0.75 0.3 0.2786 -0.6847 0.6735
-12.4827 -69.4291 102.048 1 0.3 -0 -0.6839 0.7296
21.8492 -83.0962 80.6908 0.75 0.6 0.3032 -0.609 0.7329
23.6373 -78.1077 84.8934 0.75 0.45 0.2649 -0.7209 0.6404
-12.4827 -78.1077 92.0254 1 0.45 0 -0.72 0.694
67.0874 -56.6503 79.5701 0.5 0.15 0.6361 -0.4368 0.6361
70.322 -39.3614 82.8046 0.5 0 0.7055 -0.0665 0.7055
33.2931 -39.3614 107.588 0.75 0 0.3818 -0.0664 0.9219
59.9714 -69.4291 72.4541 0.5 0.3 0.515 -0.6853 0.515
67.0874 -56.6503 79.5701 0.5 0.15 0.6361 -0.4368 0.6361
31.505 -56.6503 103.385 0.75 0.15 0.3442 -0.4362 0.8314
52.8554 -78.1077 65.338 0.5 0.45 0.4897 -0.7214 0.4897
59.9714 -69.4291 72.4541 0.5 0.3 0.515 -0.6853 0.515
27.5712 -69.4291 94.1393 0.75 0.3 0.2786 -0.6847 0.6735
49.6208 -83.0962 62.1035 0.5 0.6 0.5606 -0.6096 0.5606
52.8554 -78.1077 65.338 0.5 0.45 0.4897 -0.7214 0.4897
23.6373 -78.1077 84.8934 0.75 0.45 0.2649 -0.7209 0.6404
90.9024 -56.6503 43.9877 0.25 0.15 0.8314 -0.4362 0.3442
95.1051 -39.3614 45.7758 0.25 0 0.9219 -0.0664 0.3818
70.322 -39.3614 82.8046 0.5 0 0.7055 -0.0665 0.7055
81.6566 -69.4291 40.0538 0.25 0.3 0.6735 -0.6847 0.2786
90.9024 -56.6503 43.9877 0.25 0.15 0.8314 -0.4362 0.3442
67.0874 -56.6503 79.5701 0.5 0.15 0.6361 -0.4368 0.6361
72.4108 -78.1077 36.12 0.25 0.45 0.6404 -0.7209 0.2649
81.6566 -69.4291 40.0538 0.25 0.3 0.6735 -0.6847 0.2786
59.9714 -69.4291 72.4541 0.5 0.3 0.515 -0.6853 0.515
68.2081 -83.0962 34.3319 0.25 0.6 0.7329 -0.609 0.3032
72.4108 -78.1077 36.12 0.25 0.45 0.6404 -0.7209 0.2649
52.8554 -78.1077 65.338 0.5 0.45 0.4897 -0.7214 0.4897
99.5879 -56.6503 0 0 0.15 0.9002 -0.4355 0
104.144 -39.3614 0 0 0 0.9978 -0.0662 -0
95.1051 -39.3614 45.7758 0.25 0 0.9219 -0.0664 0.3818
89.5653 -69.4291 0 0 0.3 0.7296 -0.6839 0
99.5879 -56.6503 0 0 0.15 0.9002 -0.4355 0
90.9024 -56.6503 43.9877 0.25 0.15 0.8314 -0.4362 0.3442
79.5427 -78.1077 0 0 0.45 0.694 -0.72 -0
89.5653 -69.4291 0 0 0.3 0.7296 -0.6839 0
81.6566 -69.4291 40.0538 0.25 0.3 0.6735 -0.6847 0.2786
74.987 -83.0962 0 0 0.6 0.7939 -0.608 0
79.5427 -78.1077 0 0 0.45 0.694 -0.72 -0
72.4108 -78.1077 36.12 0.25 0.45 0.6404 -0.7209 0.2649
66.38 -86.308 -33.554 1.75 0.7 0.5762 -0.7818 -0.2382
68.2081 -83.0962 -34.3319 1.75 0.6 0.7329 -0.609 -0.3032
74.987 -83.0962 0 2 0.6 0.7939 -0.608 0
56.6088 -89.1098 -29.3967 1.75 0.8 0.1636 -0.9842 -0.0675
66.38 -86.308 -33.554 1.75 0.7 0.5762 -0.7818 -0.2382
73.0053 -86.308 0 2 0.7 0.6239 -0.7815 0
32.4646 -91.0915 -19.1239 1.75 0.9 0.0454 -0.9988 -0.0187
56.6088 -89.1098 -29.3967 1.75 0.8 0.1636 -0.9842 -0.0675
62.4133 -89.1098 0 2 0.8 0.1773 -0.9842 0
-12.4827 -91.8432 0 1.75 1 0 -1 0
32.4646 -91.0915 -19.1239 1.75 0.9 0.0454 -0.9988 -0.0187
36.2407 -91.0915 0 2 0.9 0.0492 -0.9988 -0
48.2138 -86.308 -60.6965 1.5 0.7 0.4404 -0.7823 -0.4404
49.6208 -83.0962 -62.1035 1.5 0.6 0.5606 -0.6096 -0.5606
68.2081 -83.0962 -34.3319 1.75 0.6 0.7329 -0.609 -0.3032
40.6934 -89.1098 -53.1761 1.5 0.8 0.1249 -0.9843 -0.1249
48.2138 -86.308 -60.6965 1.5 0.7 0.4404 -0.7823 -0.4404
66.38 -86.308 -33.554 1.75 0.7 0.5762 -0.7818 -0.2382
22.1109 -91.0915 -34.5936 1.5 0.9 0.0347 -0.9988 -0.0347
40.6934 -89.1098 -53.1761 1.5 0.8 0.1249 -0.9843 -0.1249
56.6088 -89.1098 -29.3967 1.75 0.8 0.1636 -0.9842 -0.0675
-12.4827 -91.8432 0 1.5 1 0 -1 0
22.1109 -91.0915 -34.5936 1.5 0.9 0.0347 -0.9988 -0.0347
32.4646 -91.0915 -19.1239 1.75 0.9 0.0454 -0.9988 -0.0187
21.0714 -86.308 -78.8626 1.25 0.7 0.2382 -0.7818 -0.5762
21.8492 -83.0962 -80.6908 1.25 0.6 0.3032 -0.609 -0.7329
49.6208 -83.0962 -62.1035 1.5 0.6 0.5606 -0.6096 -0.5606
16.914 -89.1098 -69.0915 1.25 0.8 0.0675 -0.9842 -0.1636
21.0714 -86.308 -78.8626 1.25 0.7 0.2382 -0.7818 -0.5762
48.2138 -86.308 -60.6965 1.5 0.7 0.4404 -0.7823 -0.4404
6.6413 -91.0915 -44.9473 1.25 0.9 0.0187 -0.9988 -0.0454
16.914 -89.1098 -69.0915 1.25 0.8 0.0675 -0.9842 -0.1636
40.6934 -89.1098 -53.1761 1.5 0.8 0.1249 -0.9843 -0.1249
-12.4827 -91.8432 0 1.25 1 0 -1 0
6.6413 -91.0915 -44.9473 1.25 0.9 0.0187 -0.9988 -0.0454
22.1109 -91.0915 -34.5936 1.5 0.9 0.0347 -0.9988 -0.0347
-12.4827 -86.308 -85.488 1 0.7 0 -0.7815 -0.6239
-12.4827 -83.0962 -87.4697 1 0.6 0 -0.608 -0.7939
21.8492 -83.0962 -80.6908 1.25 0.6 0.3032 -0.609 -0.7329
-12.4827 -89.1098 -74.8959 1 0.8 0 -0.9842 -0.1773
-12.4827 -86.308 -85.488 1 0.7 0 -0.7815 -0.6239
21.0714 -86.308 -78.8626 1.25 0.7 0.2382 -0.7818 -0.5762
-12.4827 -91.0915 -48.7234 1 0.9 -0 -0.9988 -0.0492
-12.4827 -89.1098 -74.8959 1 0.8 0 -0.9842 -0.1773
16.914 -89.1098 -69.0915 1.25 0.8 0.0675 -0.9842 -0.1636
-12.4827 -91.8432 0 1 1 0 -1 0
-12.4827 -91.0915 -48.7234 1 0.9 -0 -0.9988 -0.0492
6.6413 -91.0915 -44.9473 1.25 0.9 0.0187 -0.9988 -0.0454
-46.0367 -86.308 -78.8626 0.75 0.7 -0.2382 -0.7818 -0.5762
-46.8145 -83.0962 -80.6908 0.75 0.6 -0.3032 -0.609 -0.7329
-12.4827 -83.0962 -87.4697 1 0.6 0 -0.608 -0.7939
-41.8793 -89.1098 -69.0915 0.75 0.8 -0.0675 -0.9842 -0.1636
-46.0367 -86.308 -78.8626 0.75 0.7 -0.2382 -0.7818 -0.5762
-12.4827 -86.308 -85.488 1 0.7 0 -0.7815 -0.6239
-31.6066 -91.0915 -44.9473 0.75 0.9 -0.0187 -0.9988 -0.0454
-41.8793 -89.1098 -69.0915 0.75 0.8 -0.0675 -0.9842 -0.1636
-12.4827 -89.1098 -74.8959 1 0.8 0 -0.9842 -0.1773
-12.4827 -91.8432 0 0.75 1 0 -1 0
-31.6066 -91.0915 -44.9473 0.75 0.9 -0.0187 -0.9988 -0.0454
-12.4827 -91.0915 -48.7234 1 0.9 -0 -0.9988 -0.0492
-73.1791 -86.308 -60.6965 0.5 0.7 -0.4404 -0.7823 -0.4404
-74.5862 -83.0962 -62.1035 0.5 0.6 -0.5606 -0.6096 -0.5606
-46.8145 -83.0962 -80.6908 0.75 0.6 -0.3032 -0.609 -0.7329
-65.6588 -89.1098 -53.1761 0.5 0.8 -0.1249 -0.9843 -0.1249
-73.1791 -86.308 -60.6965 0.5 0.7 -0.4404 -0.7823 -0.4404
-46.0367 -86.308 -78.8626 0.75 0.7 -0.2382 -0.7818 -0.5762
-47.0762 -91.0915 -34.5936 0.5 0.9 -0.0347 -0.9988 -0.0347
-65.6588 -89.1098 -53.1761 0.5 0.8 -0.1249 -0.9843 -0.1249
-41.8793 -89.1098 -69.0915 0.75 0.8 -0.0675 -0.9842 -0.1636
-12.4827 -91.8432 0 0.5 1 0 -1 0
-47.0762 -91.0915 -34.5936 0.5 0.9 -0.0347 -0.9988 -0.0347
-31.6066 -91.0915 -44.9473 0.75 0.9 -0.0187 -0.9988 -0.0454
-91.3453 -86.308 -33.554 0.25 0.7 -0.5762 -0.7818 -0.2382
-93.1735 -83.0962 -34.3319 0.25 0.6 -0.7329 -0.609 -0.3032
-74.5862 -83.0962 -62.1035 0.5 0.6 -0.5606 -0.6096 -0.5606
-81.5742 -89.1098 -29.3967 0.25 0.8 -0.1636 -0.9842 -0.0675
-91.3453 -86.308 -33.554 0.25 0.7 -0.5762 -0.7818 -0.2382
-73.1791 -86.308 -60.6965 0.5 0.7 -0.4404 -0.7823 -0.4404
-57.43 -91.0915 -19.1239 0.25 0.9 -0.0454 -0.9988 -0.0187
-81.5742 -89.1098 -29.3967 0.25 0.8 -0.1636 -0.9842 -0.0675
-65.6588 -89.1098 -53.1761 0.5 0.8 -0.1249 -0.9843 -0.1249
-12.4827 -91.8432 0 0.25 1 0 -1 0
-57.43 -91.0915 -19.1239 0.25 0.9 -0.0454 -0.9988 -0.0187
-47.0762 -91.0915 -34.5936 0.5 0.9 -0.0347 -0.9988 -0.0347
-97.9706 -86.308 0 0 0.7 -0.6239 -0.7815 -0
-99.9524 -83.0962 0 0 0.6 -0.7939 -0.608 -0
-93.1735 -83.0962 -34.3319 0.25 0.6 -0.7329 -0.609 -0.3032
-87.3786 -89.1098 0 0 0.8 -0.1773 -0.9842 -0
-97.9706 -86.308 0 0 0.7 -0.6239 -0.7815 -0
-91.3453 -86.308 -33.554 0.25 0.7 -0.5762 -0.7818 -0.2382
-61.206 -91.0915 0 0 0.9 -0.0492 -0.9988 0
-87.3786 -89.1098 0 0 0.8 -0.1773 -0.9842 -0
-81.5742 -89.1098 -29.3967 0.25 0.8 -0.1636 -0.9842 -0.0675
-12.4827 -91.8432 0 0 1 0 -1 0
-61.206 -91.0915 0 0 0.9 -0.0492 -0.9988 0
-57.43 -91.0915 -19.1239 0.25 0.9 -0.0454 -0.9988 -0.0187
-91.3453 -86.308 33.554 1.75 0.7 -0.5762 -0.7818 0.2382
-93.1735 -83.0962 34.3319 1.75 0.6 -0.7329 -0.609 0.3032
-99.9524 -83.0962 0 2 0.6 -0.7939 -0.608 -0
-81.5742 -89.1098 29.3967 1.75 0.8 -0.1636 -0.9842 0.0675
-91.3453 -86.308 33.554 1.75 0.7 -0.5762 -0.7818 0.2382
-97.9706 -86.308 0 2 0.7 -0.6239 -0.7815 -0
-57.43 -91.0915 19.1239 1.75 0.9 -0.0454 -0.9988 0.0187
-81.5742 -89.1098 29.3967 1.75 0.8 -0.1636 -0.9842 0.0675
-87.3786 -89.1098 0 2 0.8 -0.1773 -0.9842 -0
-12.4827 -91.8432 0 1.75 1 0 -1 0
-57.43 -91.0915 19.1239 1.75 0.9 -0.0454 -0.9988 0.0187
-61.206 -91.0915 0 2 0.9 -0.0492 -0.9988 0
-73.1791 -86.308 60.6965 1.5 0.7 -0.4404 -0.7823 0.4404
-74.5862 -83.0962 62.1035 1.5 0.6 -0.5606 -0.6096 0.5606
-93.1735 -83.0962 34.3319 1.75 0.6 -0.7329 -0.609 0.3032
-65.6588 -89.1098 53.1761 1.5 0.8 -0.1249 -0.9843 0.1249
-73.1791 -86.308 60.6965 1.5 0.7 -0.4404 -0.7823 0.4404
-91.3453 -86.308 33.554 1.75 0.7 -0.5762 -0.7818 0.2382
-47.0762 -91.0915 34.5936 1.5 0.9 -0.0347 -0.9988 0.0347
-65.6588 -89.1098 53.1761 1.5 0.8 -0.1249 -0.9843 0.1249
-81.5742 -89.1098 29.3967 1.75 0.8 -0.1636 -0.9842 0.0675
-12.4827 -91.8432 0 1.5 1 0 -1 0
-47.0762 -91.0915 34.5936 1.5 0.9 -0.0347 -0.9988 0.0347
-57.43 -91.0915 19.1239 1.75 0.9 -0.0454 -0.9988 0.0187
-46.0367 -86.308 78.8626 1.25 0.7 -0.2382 -0.7818 0.5762
-46.8145 -83.0962 80.6908 1.25 0.6 -0.3032 -0.609 0.7329
-74.5862 -83.0962 62.1035 1.5 0.6 -0.5606 -0.6096 0.5606
-41.8793 -89.1098 69.0915 1.25 0.8 -0.0675 -0.9842 0.1636
-46.0367 -86.308 78.8626 1.25 0.7 -0.2382 -0.7818 0.5762
-73.1791 -86.308 60.6965 1.5 0.7 -0.4404 -0.7823 0.4404
-31.6066 -91.0915 44.9473 1.25 0.9 -0.0187 -0.9988 0.0454
-41.8793 -89.1098 69.0915 1.25 0.8 -0.0675 -0.9842 0.1636
-65.6588 -89.1098 53.1761 1.5 0.8 -0.1249 -0.9843 0.1249
-12.4827 -91.8432 0 1.25 1 0 -1 0
-31.6066 -91.0915 44.9473 1.25 0.9 -0.0187 -0.9988 0.0454
-47.0762 -91.0915 34.5936 1.5 0.9 -0.0347 -0.9988 0.0347
-12.4827 -86.308 85.488 1 0.7 -0 -0.7815 0.6239
-12.4827 -83.0962 87.4697 1 0.6 -0 -0.608 0.7939
-46.8145 -83.0962 80.6908 1.25 0.6 -0.3032 -0.609 0.7329
-12.4827 -89.1098 74.8959 1 0.8 -0 -0.9842 0.1773
-12.4827 -86.308 85.488 1 0.7 -0 -0.7815 0.6239
-46.0367 -86.308 78.8626 1.25 0.7 -0.2382 -0.7818 0.5762
-12.4827 -91.0915 48.7234 1 0.9 0 -0.9988 0.0492
-12.4827 -89.1098 74.8959 1 0.8 -0 -0.9842 0.1773
-41.8793 -89.1098 69.0915 1.25 0.8 -0.0675 -0.9842 0.1636
-12.4827 -91.8432 0 1 1 0 -1 0
-12.4827 -91.0915 48.7234 1 0.9 0 -0.9988 0.0492
-31.6066 -91.0915 44.9473 1.25 0.9 -0.0187 -0.9988 0.0454
21.0714 -86.308 78.8626 0.75 0.7 0.2382 -0.7818 0.5762
21.8492 -83.0962 80.6908 0.75 0.6 0.3032 -0.609 0.7329
-12.4827 -83.0962 87.4697 1 0.6 -0 -0.608 0.7939
16.914 -89.1098 69.0915 0.75 0.8 0.0675 -0.9842 0.1636
21.0714 -86.308 78.8626 0.75 0.7 0.2382 -0.7818 0.5762
-12.4827 -86.308 85.488 1 0.7 -0 -0.7815 0.6239
6.6413 -91.0915 44.9473 0.75 0.9 0.0187 -0.9988 0.0454
16.914 -89.1098 69.0915 0.75 0.8 0.0675 -0.9842 0.1636
-12.4827 -89.1098 74.8959 1 0.8 -0 -0.9842 0.1773
-12.4827 -91.8432 0 0.75 1 0 -1 0
6.6413 -91.0915 44.9473 0.75 0.9 0.0187 -0.9988 0.0454
-12.4827 -91.0915 48.7234 1 0.9 0 -0.9988 0.0492
48.2138 -86.308 60.6965 0.5 0.7 0.4404 -0.7823 0.4404
49.6208 -83.0962 62.1035 0.5 0.6 0.5606 -0.6096 0.5606
21.8492 -83.0962 80.6908 0.75 0.6 0.3032 -0.609 0.7329
40.6934 -89.1098 53.1761 0.5 0.8 0.1249 -0.9843 0.1249
48.2138 -86.308 60.6965 0.5 0.7 0.4404 -0.7823 0.4404
21.0714 -86.308 78.8626 0.75 0.7 0.2382 -0.7818 0.5762
22.1109 -91.0915 34.5936 0.5 0.9 0.0347 -0.9988 0.0347
40.6934 -89.1098 53.1761 0.5 0.8 0.1249 -0.9843 0.1249
16.914 -89.1098 69.0915 0.75 0.8 0.0675 -0.9842 0.1636
-12.4827 -91.8432 0 0.5 1 0 -1 0
22.1109 -91.0915 34.5936 0.5 0.9 0.0347 -0.9988 0.0347
6.6413 -91.0915 44.9473 0.75 0.9 0.0187 -0.9988 0.0454
66.38 -86.308 33.554 0.25 0.7 0.5762 -0.7818 0.2382
68.2081 -83.0962 34.3319 0.25 0.6 0.7329 -0.609 0.3032
49.6208 -83.0962 62.1035 0.5 0.6 0.5606 -0.6096 0.5606
56.6088 -89.1098 29.3967 0.25 0.8 0.1636 -0.9842 0.0675
66.38 -86.308 33.554 0.25 0.7 0.5762 -0.7818 0.2382
48.2138 -86.308 60.6965 0.5 0.7 0.4404 -0.7823 0.4404
32.4646 -91.0915 19.1239 0.25 0.9 0.0454 -0.9988 0.0187
56.6088 -89.1098 29.3967 0.25 0.8 0.1636 -0.9842 0.0675
40.6934 -89.1098 53.1761 0.5 0.8 0.1249 -0.9843 0.1249
-12.4827 -91.8432 0 0.25 1 0 -1 0
32.4646 -91.0915 19.1239 0.25 0.9 0.0454 -0.9988 0.0187
22.1109 -91.0915 34.5936 0.5 0.9 0.0347 -0.9988 0.0347
73.0053 -86.308 0 0 0.7 0.6239 -0.7815 0
74.987 -83.0962 0 0 0.6 0.7939 -0.608 0
68.2081 -83.0962 34.3319 0.25 0.6 0.7329 -0.609 0.3032
62.4133 -89.1098 0 0 0.8 0.1773 -0.9842 0
73.0053 -86.308 0 0 0.7 0.6239 -0.7815 0
66.38 -86.308 33.554 0.25 0.7 0.5762 -0.7818 0.2382
36.2407 -91.0915 0 0 0.9 0.0492 -0.9988 -0
62.4133 -89.1098 0 0 0.8 0.1773 -0.9842 0
56.6088 -89.1098 29.3967 0.25 0.8 0.1636 -0.9842 0.0675
-12.4827 -91.8432 0 0 1 0 -1 0
36.2407 -91.0915 0 0 0.9 0.0492 -0.9988 -0
32.4646 -91.0915 19.1239 0.25 0.9 0.0454 -0.9988 0.0187
-133.838 28.0539 -9.8403 0.875 0.125 0.0361 -0.8373 -0.5456
-104.872 28.291 -9.8403 0.875 0 0.007 -0.8125 -0.5829
-105.784 26.2409 0 1 0 0.0078 -1 0.0002
-155.099 26.3947 -9.8403 0.875 0.25 0.1618 -0.8104 -0.563
-133.838 28.0539 -9.8403 0.875 0.125 0.0361 -0.8373 -0.5456
-133.027 26.0359 0 1 0.125 0.0391 -0.9992 0.001
-168.194 21.8909 -9.8403 0.875 0.375 0.4824 -0.5951 -0.6427
-155.099 26.3947 -9.8403 0.875 0.25 0.1618 -0.8104 -0.563
-153.163 24.6009 0 1 0.25 0.1795 -0.9837 0.0044
-172.661 13.1204 -9.8403 0.875 0.5 0.7387 -0.1146 -0.6642
-168.194 21.8909 -9.8403 0.875 0.375 0.4824 -0.5951 -0.6427
-165.646 20.7057 0 1 0.375 0.6123 -0.7906 0.0105
-135.624 32.4936 -13.1205 0.75 0.125 0.0028 0.0171 -0.9998
-102.868 32.8011 -13.1205 0.75 0 -0.0019 0.1621 -0.9868
-104.872 28.291 -9.8403 0.875 0 0.007 -0.8125 -0.5829
-159.359 30.341 -13.1205 0.75 0.25 0.0105 0.0734 -0.9972
-135.624 32.4936 -13.1205 0.75 0.125 0.0028 0.0171 -0.9998
-133.838 28.0539 -9.8403 0.875 0.125 0.0361 -0.8373 -0.5456
-173.801 24.4983 -13.1205 0.75 0.375 -0.066 0.1301 -0.9893
-159.359 30.341 -13.1205 0.75 0.25 0.0105 0.0734 -0.9972
-155.099 26.3947 -9.8403 0.875 0.25 0.1618 -0.8104 -0.563
-178.675 13.1204 -13.1205 0.75 0.5 -0.0944 0.0166 -0.9954
-173.801 24.4983 -13.1205 0.75 0.375 -0.066 0.1301 -0.9893
-168.194 21.8909 -9.8403 0.875 0.375 0.4824 -0.5951 -0.6427
-137.409 36.9333 -9.8403 0.625 0.125 -0.0486 0.8406 -0.5395
-100.864 37.3113 -9.8403 0.625 0 -0.0092 0.8715 -0.4903
-102.868 32.8011 -13.1205 0.75 0 -0.0019 0.1621 -0.9868
-163.618 34.2874 -9.8403 0.625 0.25 -0.2233 0.8029 -0.5527
-137.409 36.9333 -9.8403 0.625 0.125 -0.0486 0.8406 -0.5395
-135.624 32.4936 -13.1205 0.75 0.125 0.0028 0.0171 -0.9998
-179.407 27.1058 -9.8403 0.625 0.375 -0.5964 0.56 -0.5751
-163.618 34.2874 -9.8403 0.625 0.25 -0.2233 0.8029 -0.5527
-159.359 30.341 -13.1205 0.75 0.25 0.0105 0.0734 -0.9972
-184.689 13.1204 -9.8403 0.625 0.5 -0.8033 0.0682 -0.5916
-179.407 27.1058 -9.8403 0.625 0.375 -0.5964 0.56 -0.5751
-173.801 24.4983 -13.1205 0.75 0.375 -0.066 0.1301 -0.9893
-138.22 38.9513 0 0.5 0.125 -0.0588 0.9983 -0.0007
-99.9524 39.3614 0 0.5 0 -0.0106 0.9999 -0.0001
-100.864 37.3113 -9.8403 0.625 0 -0.0092 0.8715 -0.4903
-165.555 36.0812 0 0.5 0.25 -0.2807 0.9598 -0.0033
-138.22 38.9513 0 0.5 0.125 -0.0588 0.9983 -0.0007
-137.409 36.9333 -9.8403 0.625 0.125 -0.0486 0.8406 -0.5395
-181.955 28.291 0 0.5 0.375 -0.7497 0.6617 -0.0043
-165.555 36.0812 0 0.5 0.25 -0.2807 0.9598 -0.0033
-163.618 34.2874 -9.8403 0.625 0.25 -0.2233 0.8029 -0.5527
-187.422 13.1204 0 0.5 0.5 -0.9974 0.0727 -0.0021
-181.955 28.291 0 0.5 0.375 -0.7497 0.6617 -0.0043
-179.407 27.1058 -9.8403 0.625 0.375 -0.5964 0.56 -0.5751
-137.409 36.9333 9.8403 0.375 0.125 -0.0465 0.8412 0.5388
-100.864 37.3113 9.8403 0.375 0 -0.0088 0.8715 0.4903
-99.9524 39.3614 0 0.5 0 -0.0106 0.9999 -0.0001
-163.618 34.2874 9.8403 0.375 0.25 -0.2179 0.8068 0.5492
-137.409 36.9333 9.8403 0.375 0.125 -0.0465 0.8412 0.5388
-138.22 38.9513 0 0.5 0.125 -0.0588 0.9983 -0.0007
-179.407 27.1058 9.8403 0.375 0.375 -0.5973 0.56 0.5741
-163.618 34.2874 9.8403 0.375 0.25 -0.2179 0.8068 0.5492
-165.555 36.0812 0 0.5 0.25 -0.2807 0.9598 -0.0033
-184.689 13.1204 9.8403 0.375 0.5 -0.804 0.0629 0.5913
-179.407 27.1058 9.8403 0.375 0.375 -0.5973 0.56 0.5741
-181.955 28.291 0 0.5 0.375 -0.7497 0.6617 -0.0043
-135.624 32.4936 13.1205 0.25 0.125 0.002 0.0146 0.9999
-102.868 32.8011 13.1205 0.25 0 -0.0018 0.1617 0.9868
-100.864 37.3113 9.8403 0.375 0 -0.0088 0.8715 0.4903
-159.359 30.341 13.1205 0.25 0.25 0.0092 0.0601 0.9982
-135.624 32.4936 13.1205 0.25 0.125 0.002 0.0146 0.9999
-137.409 36.9333 9.8403 0.375 0.125 -0.0465 0.8412 0.5388
-173.801 24.4983 13.1205 0.25 0.375 -0.0593 0.1139 0.9917
-159.359 30.341 13.1205 0.25 0.25 0.0092 0.0601 0.9982
-163.618 34.2874 9.8403 0.375 0.25 -0.2179 0.8068 0.5492
-178.675 13.1204 13.1205 0.25 0.5 -0.0869 0.0123 0.9961
-173.801 24.4983 13.1205 0.25 0.375 -0.0593 0.1139 0.9917
-179.407 27.1058 9.8403 0.375 0.375 -0.5973 0.56 0.5741
-133.838 28.0539 9.8403 0.125 0.125 0.0338 -0.8375 0.5454
-104.872 28.291 9.8403 0.125 0 0.0064 -0.8124 0.5831
-102.868 32.8011 13.1205 0.25 0 -0.0018 0.1617 0.9868
-155.099 26.3947 9.8403 0.125 0.25 0.1571 -0.8119 0.5622
-133.838 28.0539 9.8403 0.125 0.125 0.0338 -0.8375 0.5454
-135.624 32.4936 13.1205 0.25 0.125 0.002 0.0146 0.9999
-168.194 21.8909 9.8403 0.125 0.375 0.4844 -0.5894 0.6465
-155.099 26.3947 9.8403 0.125 0.25 0.1571 -0.8119 0.5622
-159.359 30.341 13.1205 0.25 0.25 0.0092 0.0601 0.9982
-172.661 13.1204 9.8403 0.125 0.5 0.7389 -0.1013 0.6662
-168.194 21.8909 9.8403 0.125 0.375 0.4844 -0.5894 0.6465
-173.801 24.4983 13.1205 0.25 0.375 -0.0593 0.1139 0.9917
-133.027 26.0359 0 0 0.125 0.0391 -0.9992 0.001
-105.784 26.2409 0 0 0 0.0078 -1 0.0002
-104.872 28.291 9.8403 0.125 0 0.0064 -0.8124 0.5831
-153.163 24.6009 0 0 0.25 0.1795 -0.9837 0.0044
-133.027 26.0359 0 0 0.125 0.0391 -0.9992 0.001
-133.838 28.0539 9.8403 0.125 0.125 0.0338 -0.8375 0.5454
-165.646 20.7057 0 0 0.375 0.6123 -0.7906 0.0105
-153.163 24.6009 0 0 0.25 0.1795 -0.9837 0.0044
-155.099 26.3947 9.8403 0.125 0.25 0.1571 -0.8119 0.5622
-169.928 13.1204 0 0 0.5 0.9862 -0.1657 0.0067
-165.646 20.7057 0 0 0.375 0.6123 -0.7906 0.0105
-168.194 21.8909 9.8403 0.125 0.375 0.4844 -0.5894 0.6465
-170.135 0.0822 -9.8403 0.875 0.625 0.7256 0.2594 -0.6374
-172.661 13.1204 -9.8403 0.875 0.5 0.7387 -0.1146 -0.6642
-169.928 13.1204 0 1 0.5 0.9862 -0.1657 0.0067
-162.218 -14.8716 -9.8403 0.875 0.75 0.6459 0.462 -0.6077
-170.135 0.0822 -9.8403 0.875 0.625 0.7256 0.2594 -0.6374
-167.65 1.23 0 1 0.625 0.9465 0.3227 0.0034
-148.407 -29.6331 -9.8403 0.875 0.875 0.5316 0.6367 -0.5586
-162.218 -14.8716 -9.8403 0.875 0.75 0.6459 0.462 -0.6077
-160.452 -13.1205 0 1 0.75 0.8258 0.5639 0.0075
-128.198 -42.0948 -9.8403 0.875 1 0.425 0.6817 -0.5955
-148.407 -29.6331 -9.8403 0.875 0.875 0.5316 0.6367 -0.5586
-147.787 -27.471 0 1 0.875 0.65 0.7599 0.0069
-175.6 -2.443 -13.1205 0.75 0.625 -0.0496 -0.0198 -0.9986
-178.675 13.1204 -13.1205 0.75 0.5 -0.0944 0.0166 -0.9954
-172.661 13.1204 -9.8403 0.875 0.5 0.7387 -0.1146 -0.6642
-166.101 -18.724 -13.1205 0.75 0.75 -0.0378 -0.0356 -0.9986
-175.6 -2.443 -13.1205 0.75 0.625 -0.0496 -0.0198 -0.9986
-170.135 0.0822 -9.8403 0.875 0.625 0.7256 0.2594 -0.6374
-149.769 -34.3899 -13.1205 0.75 0.875 -0.0379 -0.0365 -0.9986
-166.101 -18.724 -13.1205 0.75 0.75 -0.0378 -0.0356 -0.9986
-162.218 -14.8716 -9.8403 0.875 0.75 0.6459 0.462 -0.6077
-126.193 -48.1083 -13.1205 0.75 1 -0.1689 -0.2979 -0.9395
-149.769 -34.3899 -13.1205 0.75 0.875 -0.0379 -0.0365 -0.9986
-148.407 -29.6331 -9.8403 0.875 0.875 0.5316 0.6367 -0.5586
-181.065 -4.9682 -9.8403 0.625 0.625 -0.7423 -0.2992 -0.5995
-184.689 13.1204 -9.8403 0.625 0.5 -0.8033 0.0682 -0.5916
-178.675 13.1204 -13.1205 0.75 0.5 -0.0944 0.0166 -0.9954
-169.985 -22.5764 -9.8403 0.625 0.75 -0.6196 -0.5294 -0.5795
-181.065 -4.9682 -9.8403 0.625 0.625 -0.7423 -0.2992 -0.5995
-175.6 -2.443 -13.1205 0.75 0.625 -0.0496 -0.0198 -0.9986
-151.132 -39.1468 -9.8403 0.625 0.875 -0.4837 -0.6858 -0.5438
-169.985 -22.5764 -9.8403 0.625 0.75 -0.6196 -0.5294 -0.5795
-166.101 -18.724 -13.1205 0.75 0.75 -0.0378 -0.0356 -0.9986
-124.189 -54.1219 -9.8403 0.625 1 -0.4453 -0.7944 -0.4132
-151.132 -39.1468 -9.8403 0.625 0.875 -0.4837 -0.6858 -0.5438
-149.769 -34.3899 -13.1205 0.75 0.875 -0.0379 -0.0365 -0.9986
-183.55 -6.1161 0 0.5 0.625 -0.9265 -0.3763 -0.002
-187.422 13.1204 0 0.5 0.5 -0.9974 0.0727 -0.0021
-184.689 13.1204 -9.8403 0.625 0.5 -0.8033 0.0682 -0.5916
-171.75 -24.3275 0 0.5 0.75 -0.7539 -0.657 -0.0043
-183.55 -6.1161 0 0.5 0.625 -0.9265 -0.3763 -0.002
-181.065 -4.9682 -9.8403 0.625 0.625 -0.7423 -0.2992 -0.5995
-151.751 -41.3089 0 0.5 0.875 -0.5662 -0.8242 -0.0035
-171.75 -24.3275 0 0.5 0.75 -0.7539 -0.657 -0.0043
-169.985 -22.5764 -9.8403 0.625 0.75 -0.6196 -0.5294 -0.5795
-123.278 -56.8553 0 0.5 1 -0.4818 -0.8763 -0.0019
-151.751 -41.3089 0 0.5 0.875 -0.5662 -0.8242 -0.0035
-151.132 -39.1468 -9.8403 0.625 0.875 -0.4837 -0.6858 -0.5438
-181.065 -4.9682 9.8403 0.375 0.625 -0.7447 -0.2944 0.599
-184.689 13.1204 9.8403 0.375 0.5 -0.804 0.0629 0.5913
-187.422 13.1204 0 0.5 0.5 -0.9974 0.0727 -0.0021
-169.985 -22.5764 9.8403 0.375 0.75 -0.6219 -0.5281 0.5782
-181.065 -4.9682 9.8403 0.375 0.625 -0.7447 -0.2944 0.599
-183.55 -6.1161 0 0.5 0.625 -0.9265 -0.3763 -0.002
-151.132 -39.1468 9.8403 0.375 0.875 -0.4812 -0.6883 0.5428
-169.985 -22.5764 9.8403 0.375 0.75 -0.6219 -0.5281 0.5782
-171.75 -24.3275 0 0.5 0.75 -0.7539 -0.657 -0.0043
-124.189 -54.1219 9.8403 0.375 1 -0.4381 -0.797 0.4157
-151.132 -39.1468 9.8403 0.375 0.875 -0.4812 -0.6883 0.5428
-151.751 -41.3089 0 0.5 0.875 -0.5662 -0.8242 -0.0035
-175.6 -2.443 13.1205 0.25 0.625 -0.0443 -0.0171 0.9989
-178.675 13.1204 13.1205 0.25 0.5 -0.0869 0.0123 0.9961
-184.689 13.1204 9.8403 0.375 0.5 -0.804 0.0629 0.5913
-166.101 -18.724 13.1205 0.25 0.75 -0.0262 -0.0282 0.9993
-175.6 -2.443 13.1205 0.25 0.625 -0.0443 -0.0171 0.9989
-181.065 -4.9682 9.8403 0.375 0.625 -0.7447 -0.2944 0.599
-149.769 -34.3899 13.1205 0.25 0.875 -0.0253 -0.0283 0.9993
-166.101 -18.724 13.1205 0.25 0.75 -0.0262 -0.0282 0.9993
-169.985 -22.5764 9.8403 0.375 0.75 -0.6219 -0.5281 0.5782
-126.193 -48.1083 13.1205 0.25 1 -0.1575 -0.2894 0.9442
-149.769 -34.3899 13.1205 0.25 0.875 -0.0253 -0.0283 0.9993
-151.132 -39.1468 9.8403 0.375 0.875 -0.4812 -0.6883 0.5428
-170.135 0.0822 9.8403 0.125 0.625 0.7282 0.2524 0.6371
-172.661 13.1204 9.8403 0.125 0.5 0.7389 -0.1013 0.6662
-178.675 13.1204 13.1205 0.25 0.5 -0.0869 0.0123 0.9961
-162.218 -14.8716 9.8403 0.125 0.75 0.6471 0.4597 0.6083
-170.135 0.0822 9.8403 0.125 0.625 0.7282 0.2524 0.6371
-175.6 -2.443 13.1205 0.25 0.625 -0.0443 -0.0171 0.9989
-148.407 -29.6331 9.8403 0.125 0.875 0.523 0.6407 0.5622
-162.218 -14.8716 9.8403 0.125 0.75 0.6471 0.4597 0.6083
-166.101 -18.724 13.1205 0.25 0.75 -0.0262 -0.0282 0.9993
-128.198 -42.0948 9.8403 0.125 1 0.41 0.6829 0.6047
-148.407 -29.6331 9.8403 0.125 0.875 0.523 0.6407 0.5622
-149.769 -34.3899 13.1205 0.25 0.875 -0.0253 -0.0283 0.9993
-167.65 1.23 0 0 0.625 0.9465 0.3227 0.0034
-169.928 13.1204 0 0 0.5 0.9862 -0.1657 0.0067
-172.661 13.1204 9.8403 0.125 0.5 0.7389 -0.1013 0.6662
-160.452 -13.1205 0 0 0.75 0.8258 0.5639 0.0075
-167.65 1.23 0 0 0.625 0.9465 0.3227 0.0034
-170.135 0.0822 9.8403 0.125 0.625 0.7282 0.2524 0.6371
-147.787 -27.471 0 0 0.875 0.65 0.7599 0.0069
-160.452 -13.1205 0 0 0.75 0.8258 0.5639 0.0075
-162.218 -14.8716 9.8403 0.125 0.75 0.6471 0.4597 0.6083
-129.109 -39.3614 0 0 1 0.5324 0.8465 0.0052
-147.787 -27.471 0 0 0.875 0.65 0.7599 0.0069
-148.407 -29.6331 9.8403 0.125 0.875 0.523 0.6407 0.5622
116.757 -7.8971 -19.5474 0.625 0.775 -0.3167 0.6377 -0.7021
86.6497 -16.2639 -21.6488 0.625 1 -0.1529 0.6872 -0.7102
86.6497 -8.747 0 0.5 1 -0.2308 0.973 0.0065
129.473 9.8745 -14.9245 0.625 0.55 -0.6011 0.4715 -0.6453
116.757 -7.8971 -19.5474 0.625 0.775 -0.3167 0.6377 -0.7021
114.622 -2.3234 0 0.5 0.775 -0.5489 0.8359 0.0015
136.723 30.6699 -10.3016 0.625 0.325 -0.6359 0.4461 -0.6298
129.473 9.8745 -14.9245 0.625 0.55 -0.6011 0.4715 -0.6453
126.74 13.1204 0 0.5 0.55 -0.8757 0.4828 -0.0099
150.43 48.1083 -8.2003 0.625 0.1 -0.4357 0.601 -0.67
136.723 30.6699 -10.3016 0.625 0.325 -0.6359 0.4461 -0.6298
133.391 31.8444 0 0.5 0.325 -0.8776 0.4791 -0.0191
121.455 -20.159 -26.0632 0.75 0.775 0.2233 0.0065 -0.9747
86.6497 -32.8011 -28.865 0.75 1 0.1111 -0.0851 -0.9902
86.6497 -16.2639 -21.6488 0.625 1 -0.1529 0.6872 -0.7102
135.487 2.7334 -19.8994 0.75 0.55 0.1901 0.155 -0.9695
121.455 -20.159 -26.0632 0.75 0.775 0.2233 0.0065 -0.9747
116.757 -7.8971 -19.5474 0.625 0.775 -0.3167 0.6377 -0.7021
144.052 28.086 -13.7355 0.75 0.325 0.0053 0.1895 -0.9819
135.487 2.7334 -19.8994 0.75 0.55 0.1901 0.155 -0.9695
129.473 9.8745 -14.9245 0.625 0.55 -0.6011 0.4715 -0.6453
162.457 48.1083 -10.9337 0.75 0.1 -0.0118 0.2467 -0.969
144.052 28.086 -13.7355 0.75 0.325 0.0053 0.1895 -0.9819
136.723 30.6699 -10.3016 0.625 0.325 -0.6359 0.4461 -0.6298
126.153 -32.421 -19.5474 0.875 0.775 0.5725 -0.5677 -0.5916
86.6497 -49.3384 -21.6488 0.875 1 0.3439 -0.7228 -0.5994
86.6497 -32.8011 -28.865 0.75 1 0.1111 -0.0851 -0.9902
141.5 -4.4077 -14.9245 0.875 0.55 0.7874 -0.2565 -0.5605
126.153 -32.421 -19.5474 0.875 0.775 0.5725 -0.5677 -0.5916
121.455 -20.159 -26.0632 0.75 0.775 0.2233 0.0065 -0.9747
151.381 25.502 -10.3016 0.875 0.325 0.6471 -0.3064 -0.6981
141.5 -4.4077 -14.9245 0.875 0.55 0.7874 -0.2565 -0.5605
135.487 2.7334 -19.8994 0.75 0.55 0.1901 0.155 -0.9695
174.484 48.1083 -8.2003 0.875 0.1 0.4275 -0.4993 -0.7536
151.381 25.502 -10.3016 0.875 0.325 0.6471 -0.3064 -0.6981
144.052 28.086 -13.7355 0.75 0.325 0.0053 0.1895 -0.9819
128.289 -37.9946 0 1 0.775 0.6715 -0.741 0.0009
86.6497 -56.8553 0 1 1 0.4109 -0.9117 -0.0013
86.6497 -49.3384 -21.6488 0.875 1 0.3439 -0.7228 -0.5994
144.234 -7.6536 0 1 0.55 0.922 -0.3871 0.0073
128.289 -37.9946 0 1 0.775 0.6715 -0.741 0.0009
126.153 -32.421 -19.5474 0.875 0.775 0.5725 -0.5677 -0.5916
154.712 24.3275 0 1 0.325 0.8469 -0.5316 0.0139
144.234 -7.6536 0 1 0.55 0.922 -0.3871 0.0073
141.5 -4.4077 -14.9245 0.875 0.55 0.7874 -0.2565 -0.5605
179.951 48.1083 0 1 0.1 0.5359 -0.8442 0.0105
154.712 24.3275 0 1 0.325 0.8469 -0.5316 0.0139
151.381 25.502 -10.3016 0.875 0.325 0.6471 -0.3064 -0.6981
126.153 -32.421 19.5474 0.125 0.775 0.5787 -0.5611 0.5918
86.6497 -49.3384 21.6488 0.125 1 0.3412 -0.7228 0.6009
86.6497 -56.8553 0 0 1 0.4109 -0.9117 -0.0013
141.5 -4.4077 14.9245 0.125 0.55 0.7849 -0.251 0.5665
126.153 -32.421 19.5474 0.125 0.775 0.5787 -0.5611 0.5918
128.289 -37.9946 0 0 0.775 0.6715 -0.741 0.0009
151.381 25.502 10.3016 0.125 0.325 0.6427 -0.3023 0.704
141.5 -4.4077 14.9245 0.125 0.55 0.7849 -0.251 0.5665
144.234 -7.6536 0 0 0.55 0.922 -0.3871 0.0073
174.484 48.1083 8.2003 0.125 0.1 0.4186 -0.5 0.7581
151.381 25.502 10.3016 0.125 0.325 0.6427 -0.3023 0.704
154.712 24.3275 0 0 0.325 0.8469 -0.5316 0.0139
121.455 -20.159 26.0632 0.25 0.775 0.2328 0.0126 0.9724
86.6497 -32.8011 28.865 0.25 1 0.1158 -0.0791 0.9901
86.6497 -49.3384 21.6488 0.125 1 0.3412 -0.7228 0.6009
135.487 2.7334 19.8994 0.25 0.55 0.2067 0.1536 0.9663
121.455 -20.159 26.0632 0.25 0.775 0.2328 0.0126 0.9724
126.153 -32.421 19.5474 0.125 0.775 0.5787 -0.5611 0.5918
144.052 28.086 13.7355 0.25 0.325 0.0245 0.1614 0.9866
135.487 2.7334 19.8994 0.25 0.55 0.2067 0.1536 0.9663
141.5 -4.4077 14.9245 0.125 0.55 0.7849 -0.251 0.5665
162.457 48.1083 10.9337 0.25 0.1 0.0034 0.2111 0.9775
144.052 28.086 13.7355 0.25 0.325 0.0245 0.1614 0.9866
151.381 25.502 10.3016 0.125 0.325 0.6427 -0.3023 0.704
116.757 -7.897 19.5474 0.375 0.775 -0.3195 0.6331 0.7051
86.6497 -16.2639 21.6488 0.375 1 -0.1349 0.6875 0.7136
86.6497 -32.8011 28.865 0.25 1 0.1158 -0.0791 0.9901
129.473 9.8745 14.9245 0.375 0.55 -0.6039 0.4614 0.6499
116.757 -7.897 19.5474 0.375 0.775 -0.3195 0.6331 0.7051
121.455 -20.159 26.0632 0.25 0.775 0.2328 0.0126 0.9724
136.723 30.6699 10.3016 0.375 0.325 -0.6318 0.4372 0.6401
129.473 9.8745 14.9245 0.375 0.55 -0.6039 0.4614 0.6499
135.487 2.7334 19.8994 0.25 0.55 0.2067 0.1536 0.9663
150.43 48.1083 8.2003 0.375 0.1 -0.4243 0.6127 0.6667
136.723 30.6699 10.3016 0.375 0.325 -0.6318 0.4372 0.6401
144.052 28.086 13.7355 0.25 0.325 0.0245 0.1614 0.9866
114.622 -2.3234 0 0.5 0.775 -0.5489 0.8359 0.0015
86.6497 -8.747 0 0.5 1 -0.2308 0.973 0.0065
86.6497 -16.2639 21.6488 0.375 1 -0.1349 0.6875 0.7136
126.74 13.1204 0 0.5 0.55 -0.8757 0.4828 -0.0099
114.622 -2.3234 0 0.5 0.775 -0.5489 0.8359 0.0015
116.757 -7.897 19.5474 0.375 0.775 -0.3195 0.6331 0.7051
133.391 31.8444 0 0.5 0.325 -0.8776 0.4791 -0.0191
126.74 13.1204 0 0.5 0.55 -0.8757 0.4828 -0.0099
129.473 9.8745 14.9245 0.375 0.55 -0.6039 0.4614 0.6499
144.963 48.1083 0 0.5 0.1 -0.6962 0.7174 -0.0245
133.391 31.8444 0 0.5 0.325 -0.8776 0.4791 -0.0191
136.723 30.6699 10.3016 0.375 0.325 -0.6318 0.4372 0.6401
155.009 50.6885 -7.6878 0.625 0.075 -0.2599 0.7919 -0.5525
150.43 48.1083 -8.2003 0.625 0.1 -0.4357 0.601 -0.67
144.963 48.1083 0 0.5 0.1 -0.6962 0.7174 -0.0245
157.747 51.5806 -6.5602 0.625 0.05 0.0095 0.9997 0.0217
155.009 50.6885 -7.6878 0.625 0.075 -0.2599 0.7919 -0.5525
149.154 50.5684 0 0.5 0.075 -0.4258 0.9048 -0.0108
157.829 50.7366 -5.4327 0.625 0.025 0.4102 0.3329 0.8491
157.747 51.5806 -6.5602 0.625 0.05 0.0095 0.9997 0.0217
152.252 51.3884 0 0.5 0.05 0.022 0.9998 -0.0016
154.439 48.1083 -4.9202 0.625 0 0.5415 -0.5486 0.637
157.829 50.7366 -5.4327 0.625 0.025 0.4102 0.3329 0.8491
153.163 50.5684 0 0.5 0.025 0.9996 0.0259 -0.0116
167.889 50.9528 -10.2504 0.75 0.075 0.0463 0.4552 -0.8892
162.457 48.1083 -10.9337 0.75 0.1 -0.0118 0.2467 -0.969
150.43 48.1083 -8.2003 0.625 0.1 -0.4357 0.601 -0.67
169.837 52.0035 -8.747 0.75 0.05 -0.0107 0.9888 -0.1489
167.889 50.9528 -10.2504 0.75 0.075 0.0463 0.4552 -0.8892
155.009 50.6885 -7.6878 0.625 0.075 -0.2599 0.7919 -0.5525
168.094 51.1066 -7.2436 0.75 0.025 -0.0444 0.6829 0.7291
169.837 52.0035 -8.747 0.75 0.05 -0.0107 0.9888 -0.1489
157.747 51.5806 -6.5602 0.625 0.05 0.0095 0.9997 0.0217
162.457 48.1083 -6.5602 0.75 0 0.1228 0.0092 0.9924
168.094 51.1066 -7.2436 0.75 0.025 -0.0444 0.6829 0.7291
157.829 50.7366 -5.4327 0.625 0.025 0.4102 0.3329 0.8491
180.77 51.2171 -7.6878 0.875 0.075 0.4818 -0.1804 -0.8575
174.484 48.1083 -8.2003 0.875 0.1 0.4275 -0.4993 -0.7536
162.457 48.1083 -10.9337 0.75 0.1 -0.0118 0.2467 -0.969
181.927 52.4263 -6.5602 0.875 0.05 0.4553 0.7367 -0.4999
180.77 51.2171 -7.6878 0.875 0.075 0.4818 -0.1804 -0.8575
167.889 50.9528 -10.2504 0.75 0.075 0.0463 0.4552 -0.8892
178.36 51.4765 -5.4327 0.875 0.025 -0.2205 0.9072 0.3583
181.927 52.4263 -6.5602 0.875 0.05 0.4553 0.7367 -0.4999
169.837 52.0035 -8.747 0.75 0.05 -0.0107 0.9888 -0.1489
170.475 48.1083 -4.9202 0.875 0 -0.2359 0.6573 0.7158
178.36 51.4765 -5.4327 0.875 0.025 -0.2205 0.9072 0.3583
168.094 51.1066 -7.2436 0.75 0.025 -0.0444 0.6829 0.7291
186.625 51.3372 0 1 0.075 0.7281 -0.6853 0.0156
179.951 48.1083 0 1 0.1 0.5359 -0.8442 0.0105
174.484 48.1083 -8.2003 0.875 0.1 0.4275 -0.4993 -0.7536
187.422 52.6185 0 1 0.05 0.8887 0.4581 0.0167
186.625 51.3372 0 1 0.075 0.7281 -0.6853 0.0156
180.77 51.2171 -7.6878 0.875 0.075 0.4818 -0.1804 -0.8575
183.026 51.6447 0 1 0.025 -0.2601 0.9656 -0.0008
187.422 52.6185 0 1 0.05 0.8887 0.4581 0.0167
181.927 52.4263 -6.5602 0.875 0.05 0.4553 0.7367 -0.4999
174.119 48.1083 0 1 0 -0.3716 0.9284 0.0044
183.026 51.6447 0 1 0.025 -0.2601 0.9656 -0.0008
178.36 51.4765 -5.4327 0.875 0.025 -0.2205 0.9072 0.3583
180.77 51.2171 7.6878 0.125 0.075 0.4802 -0.1784 0.8589
174.484 48.1083 8.2003 0.125 0.1 0.4186 -0.5 0.7581
179.951 48.1083 0 0 0.1 0.5359 -0.8442 0.0105
181.927 52.4263 6.5602 0.125 0.05 0.4881 0.7168 0.4979
180.77 51.2171 7.6878 0.125 0.075 0.4802 -0.1784 0.8589
186.625 51.3372 0 0 0.075 0.7281 -0.6853 0.0156
178.36 51.4765 5.4327 0.125 0.025 -0.222 0.9054 -0.3619
181.927 52.4263 6.5602 0.125 0.05 0.4881 0.7168 0.4979
187.422 52.6185 0 0 0.05 0.8887 0.4581 0.0167
170.475 48.1083 4.9202 0.125 0 -0.2354 0.6632 -0.7105
178.36 51.4765 5.4327 0.125 0.025 -0.222 0.9054 -0.3619
183.026 51.6447 0 0 0.025 -0.2601 0.9656 -0.0008
167.889 50.9528 10.2504 0.25 0.075 0.0587 0.4377 0.8972
162.457 48.1083 10.9337 0.25 0.1 0.0034 0.2111 0.9775
174.484 48.1083 8.2003 0.125 0.1 0.4186 -0.5 0.7581
169.837 52.0035 8.747 0.25 0.05 0.0013 0.9865 0.164
167.889 50.9528 10.2504 0.25 0.075 0.0587 0.4377 0.8972
180.77 51.2171 7.6878 0.125 0.075 0.4802 -0.1784 0.8589
168.094 51.1066 7.2436 0.25 0.025 -0.0442 0.6817 -0.7303
169.837 52.0035 8.747 0.25 0.05 0.0013 0.9865 0.164
181.927 52.4263 6.5602 0.125 0.05 0.4881 0.7168 0.4979
162.457 48.1083 6.5602 0.25 0 0.1388 -0.0342 -0.9897
168.094 51.1066 7.2436 0.25 0.025 -0.0442 0.6817 -0.7303
178.36 51.4765 5.4327 0.125 0.025 -0.222 0.9054 -0.3619
155.009 50.6885 7.6878 0.375 0.075 -0.2589 0.7972 0.5454
150.43 48.1083 8.2003 0.375 0.1 -0.4243 0.6127 0.6667
162.457 48.1083 10.9337 0.25 0.1 0.0034 0.2111 0.9775
157.747 51.5806 6.5602 0.375 0.05 0.0123 0.9997 -0.0193
155.009 50.6885 7.6878 0.375 0.075 -0.2589 0.7972 0.5454
167.889 50.9528 10.2504 0.25 0.075 0.0587 0.4377 0.8972
157.829 50.7366 5.4327 0.375 0.025 0.3986 0.3549 -0.8457
157.747 51.5806 6.5602 0.375 0.05 0.0123 0.9997 -0.0193
169.837 52.0035 8.747 0.25 0.05 0.0013 0.9865 0.164
154.439 48.1083 4.9202 0.375 0 0.5376 -0.5814 -0.6107
157.829 50.7366 5.4327 0.375 0.025 0.3986 0.3549 -0.8457
168.094 51.1066 7.2436 0.25 0.025 -0.0442 0.6817 -0.7303
149.154 50.5684 0 0.5 0.075 -0.4258 0.9048 -0.0108
144.963 48.1083 0 0.5 0.1 -0.6962 0.7174 -0.0245
150.43 48.1083 8.2003 0.375 0.1 -0.4243 0.6127 0.6667
152.252 51.3884 0 0.5 0.05 0.022 0.9998 -0.0016
149.154 50.5684 0 0.5 0.075 -0.4258 0.9048 -0.0108
155.009 50.6885 7.6878 0.375 0.075 -0.2589 0.7972 0.5454
153.163 50.5684 0 0.5 0.025 0.9996 0.0259 -0.0116
152.252 51.3884 0 0.5 0.05 0.022 0.9998 -0.0016
157.747 51.5806 6.5602 0.375 0.05 0.0123 0.9997 -0.0193
150.794 48.1083 0 0.5 0 0.7096 -0.7046 -0.0097
153.163 50.5684 0 0.5 0.025 0.9996 0.0259 -0.0116
157.829 50.7366 5.4327 0.375 0.025 0.3986 0.3549 -0.8457
-12.4827 91.8432 0 1 0 -0 1 0
7.3802 88.9731 0 1 0.25 0.8245 0.5658 -0
5.8478 88.9731 -7.8169 0.875 0.25 0.7626 0.565 -0.3148
5.0065 82.0029 -7.457 0.875 0.5 0.848 -0.398 -0.35
5.8478 88.9731 -7.8169 0.875 0.25 0.7626 0.565 -0.3148
7.3802 88.9731 0 1 0.25 0.8245 0.5658 -0
-1.8897 73.3925 -4.513 0.875 0.75 0.8641 -0.3553 -0.3564
5.0065 82.0029 -7.457 0.875 0.5 0.848 -0.398 -0.35
6.4691 82.0028 0 1 0.5 0.9177 -0.3973 -0
-1.7239 65.6023 -4.5776 0.875 1 0.721 0.6256 -0.2979
-1.8897 73.3925 -4.513 0.875 0.75 0.8641 -0.3553 -0.3564
-1.0023 73.3925 0 1 0.75 0.9353 -0.3539 -0.0001
-12.4827 91.8432 0 0.875 0 -0 1 0
5.8478 88.9731 -7.8169 0.875 0.25 0.7626 0.565 -0.3148
1.6385 88.9731 -14.1211 0.75 0.25 0.5834 0.5652 -0.5833
0.9895 82.0028 -13.4722 0.75 0.5 0.6485 -0.3987 -0.6484
1.6385 88.9731 -14.1211 0.75 0.25 0.5834 0.5652 -0.5833
5.8478 88.9731 -7.8169 0.875 0.25 0.7626 0.565 -0.3148
-4.3254 73.3925 -8.1572 0.75 0.75 0.6609 -0.3559 -0.6607
0.9895 82.0028 -13.4722 0.75 0.5 0.6485 -0.3987 -0.6484
5.0065 82.0029 -7.457 0.875 0.5 0.848 -0.398 -0.35
-4.2022 65.6023 -8.2805 0.75 1 0.5519 0.6253 -0.5518
-4.3254 73.3925 -8.1572 0.75 0.75 0.6609 -0.3559 -0.6607
-1.8897 73.3925 -4.513 0.875 0.75 0.8641 -0.3553 -0.3564
-12.4827 91.8432 0 0.75 0 -0 1 0
1.6385 88.9731 -14.1211 0.75 0.25 0.5834 0.5652 -0.5833
-4.6657 88.9731 -18.3305 0.625 0.25 0.3148 0.5651 -0.7626
-5.0256 82.0028 -17.4892 0.625 0.5 0.35 -0.398 -0.848
-4.6657 88.9731 -18.3305 0.625 0.25 0.3148 0.5651 -0.7626
1.6385 88.9731 -14.1211 0.75 0.25 0.5834 0.5652 -0.5833
-7.9697 73.3925 -10.593 0.625 0.75 0.3565 -0.3552 -0.8642
-5.0256 82.0028 -17.4892 0.625 0.5 0.35 -0.398 -0.848
0.9895 82.0028 -13.4722 0.75 0.5 0.6485 -0.3987 -0.6484
-7.9051 65.6023 -10.7588 0.625 1 0.298 0.6255 -0.7211
-7.9697 73.3925 -10.593 0.625 0.75 0.3565 -0.3552 -0.8642
-4.3254 73.3925 -8.1572 0.75 0.75 0.6609 -0.3559 -0.6607
-12.4827 91.8432 0 0.625 0 -0 1 0
-4.6657 88.9731 -18.3305 0.625 0.25 0.3148 0.5651 -0.7626
-12.4827 88.9731 -19.8629 0.5 0.25 -0 0.5658 -0.8245
-12.4827 82.0028 -18.9518 0.5 0.5 -0 -0.3973 -0.9177
-12.4827 88.9731 -19.8629 0.5 0.25 -0 0.5658 -0.8245
-4.6657 88.9731 -18.3305 0.625 0.25 0.3148 0.5651 -0.7626
-12.4827 73.3925 -11.4804 0.5 0.75 -0.0001 -0.3539 -0.9353
-12.4827 82.0028 -18.9518 0.5 0.5 -0 -0.3973 -0.9177
-5.0256 82.0028 -17.4892 0.625 0.5 0.35 -0.398 -0.848
-12.4827 65.6023 -11.6626 0.5 1 -0.0001 0.6249 -0.7807
-12.4827 73.3925 -11.4804 0.5 0.75 -0.0001 -0.3539 -0.9353
-7.9697 73.3925 -10.593 0.625 0.75 0.3565 -0.3552 -0.8642
-12.4827 91.8432 0 0.5 0 -0 1 0
-12.4827 88.9731 -19.8629 0.5 0.25 -0 0.5658 -0.8245
-20.2996 88.9731 -18.3305 0.375 0.25 -0.3148 0.565 -0.7626
-19.9397 82.0029 -17.4892 0.375 0.5 -0.35 -0.398 -0.848
-20.2996 88.9731 -18.3305 0.375 0.25 -0.3148 0.565 -0.7626
-12.4827 88.9731 -19.8629 0.5 0.25 -0 0.5658 -0.8245
-16.9956 73.3925 -10.593 0.375 0.75 -0.3564 -0.3553 -0.8641
-19.9397 82.0029 -17.4892 0.375 0.5 -0.35 -0.398 -0.848
-12.4827 82.0028 -18.9518 0.5 0.5 -0 -0.3973 -0.9177
-17.0602 65.6023 -10.7588 0.375 1 -0.2979 0.6256 -0.721
-16.9956 73.3925 -10.593 0.375 0.75 -0.3564 -0.3553 -0.8641
-12.4827 73.3925 -11.4804 0.5 0.75 -0.0001 -0.3539 -0.9353
-12.4827 91.8432 0 0.375 0 -0 1 0
-20.2996 88.9731 -18.3305 0.375 0.25 -0.3148 0.565 -0.7626
-26.6038 88.9731 -14.1211 0.25 0.25 -0.5833 0.5652 -0.5834
-25.9548 82.0028 -13.4722 0.25 0.5 -0.6484 -0.3987 -0.6485
-26.6038 88.9731 -14.1211 0.25 0.25 -0.5833 0.5652 -0.5834
-20.2996 88.9731 -18.3305 0.375 0.25 -0.3148 0.565 -0.7626
-20.6399 73.3925 -8.1572 0.25 0.75 -0.6607 -0.3559 -0.6609
-25.9548 82.0028 -13.4722 0.25 0.5 -0.6484 -0.3987 -0.6485
-19.9397 82.0029 -17.4892 0.375 0.5 -0.35 -0.398 -0.848
-20.7631 65.6023 -8.2805 0.25 1 -0.5518 0.6253 -0.5519
-20.6399 73.3925 -8.1572 0.25 0.75 -0.6607 -0.3559 -0.6609
-16.9956 73.3925 -10.593 0.375 0.75 -0.3564 -0.3553 -0.8641
-12.4827 91.8432 0 0.25 0 -0 1 0
-26.6038 88.9731 -14.1211 0.25 0.25 -0.5833 0.5652 -0.5834
-30.8131 88.9731 -7.8169 0.125 0.25 -0.7626 0.5651 -0.3148
-29.9718 82.0028 -7.457 0.125 0.5 -0.848 -0.398 -0.35
-30.8131 88.9731 -7.8169 0.125 0.25 -0.7626 0.5651 -0.3148
-26.6038 88.9731 -14.1211 0.25 0.25 -0.5833 0.5652 -0.5834
-23.0756 73.3925 -4.513 0.125 0.75 -0.8642 -0.3552 -0.3565
-29.9718 82.0028 -7.457 0.125 0.5 -0.848 -0.398 -0.35
-25.9548 82.0028 -13.4722 0.25 0.5 -0.6484 -0.3987 -0.6485
-23.2414 65.6023 -4.5776 0.125 1 -0.7211 0.6255 -0.298
-23.0756 73.3925 -4.513 0.125 0.75 -0.8642 -0.3552 -0.3565
-20.6399 73.3925 -8.1572 0.25 0.75 -0.6607 -0.3559 -0.6609
-12.4827 91.8432 0 0.125 0 -0 1 0
-30.8131 88.9731 -7.8169 0.125 0.25 -0.7626 0.5651 -0.3148
-32.3456 88.9731 0 0 0.25 -0.8245 0.5658 0
-31.4344 82.0028 0 0 0.5 -0.9177 -0.3973 0
-32.3456 88.9731 0 0 0.25 -0.8245 0.5658 0
-30.8131 88.9731 -7.8169 0.125 0.25 -0.7626 0.5651 -0.3148
-23.9631 73.3925 0 0 0.75 -0.9353 -0.3539 0.0001
-31.4344 82.0028 0 0 0.5 -0.9177 -0.3973 0
-29.9718 82.0028 -7.457 0.125 0.5 -0.848 -0.398 -0.35
-24.1453 65.6023 0 0 1 -0.7807 0.6249 0.0001
-23.9631 73.3925 0 0 0.75 -0.9353 -0.3539 0.0001
-23.0756 73.3925 -4.513 0.125 0.75 -0.8642 -0.3552 -0.3565
-12.4827 91.8432 0 1 0 -0 1 0
-32.3456 88.9731 0 1 0.25 -0.8245 0.5658 0
-30.8131 88.9731 7.8169 0.875 0.25 -0.7626 0.565 0.3148
-29.9718 82.0029 7.457 0.875 0.5 -0.848 -0.398 0.35
-30.8131 88.9731 7.8169 0.875 0.25 -0.7626 0.565 0.3148
-32.3456 88.9731 0 1 0.25 -0.8245 0.5658 0
-23.0756 73.3925 4.513 0.875 0.75 -0.8641 -0.3553 0.3564
-29.9718 82.0029 7.457 0.875 0.5 -0.848 -0.398 0.35
-31.4344 82.0028 0 1 0.5 -0.9177 -0.3973 0
-23.2414 65.6023 4.5776 0.875 1 -0.721 0.6256 0.2979
-23.0756 73.3925 4.513 0.875 0.75 -0.8641 -0.3553 0.3564
-23.9631 73.3925 0 1 0.75 -0.9353 -0.3539 0.0001
-12.4827 91.8432 0 0.875 0 -0 1 0
-30.8131 88.9731 7.8169 0.875 0.25 -0.7626 0.565 0.3148
-26.6038 88.9731 14.1211 0.75 0.25 -0.5834 0.5652 0.5833
-25.9548 82.0028 13.4722 0.75 0.5 -0.6485 -0.3987 0.6484
-26.6038 88.9731 14.1211 0.75 0.25 -0.5834 0.5652 0.5833
-30.8131 88.9731 7.8169 0.875 0.25 -0.7626 0.565 0.3148
-20.6399 73.3925 8.1572 0.75 0.75 -0.6609 -0.3559 0.6607
-25.9548 82.0028 13.4722 0.75 0.5 -0.6485 -0.3987 0.6484
-29.9718 82.0029 7.457 0.875 0.5 -0.848 -0.398 0.35
-20.7631 65.6023 8.2805 0.75 1 -0.5519 0.6253 0.5518
-20.6399 73.3925 8.1572 0.75 0.75 -0.6609 -0.3559 0.6607
-23.0756 73.3925 4.513 0.875 0.75 -0.8641 -0.3553 0.3564
-12.4827 91.8432 0 0.75 0 -0 1 0
-26.6038 88.9731 14.1211 0.75 0.25 -0.5834 0.5652 0.5833
-20.2996 88.9731 18.3305 0.625 0.25 -0.3148 0.5651 0.7626
-19.9397 82.0028 17.4892 0.625 0.5 -0.35 -0.398 0.848
-20.2996 88.9731 18.3305 0.625 0.25 -0.3148 0.5651 0.7626
-26.6038 88.9731 14.1211 0.75 0.25 -0.5834 0.5652 0.5833
-16.9956 73.3925 10.593 0.625 0.75 -0.3565 -0.3552 0.8642
-19.9397 82.0028 17.4892 0.625 0.5 -0.35 -0.398 0.848
-25.9548 82.0028 13.4722 0.75 0.5 -0.6485 -0.3987 0.6484
-17.0602 65.6023 10.7588 0.625 1 -0.298 0.6255 0.7211
-16.9956 73.3925 10.593 0.625 0.75 -0.3565 -0.3552 0.8642
-20.6399 73.3925 8.1572 0.75 0.75 -0.6609 -0.3559 0.6607
-12.4827 91.8432 0 0.625 0 -0 1 0
-20.2996 88.9731 18.3305 0.625 0.25 -0.3148 0.5651 0.7626
-12.4827 88.9731 19.8629 0.5 0.25 0 0.5658 0.8245
-12.4827 82.0028 18.9518 0.5 0.5 0 -0.3973 0.9177
-12.4827 88.9731 19.8629 0.5 0.25 0 0.5658 0.8245
-20.2996 88.9731 18.3305 0.625 0.25 -0.3148 0.5651 0.7626
-12.4827 73.3925 11.4804 0.5 0.75 0.0001 -0.3539 0.9353
-12.4827 82.0028 18.9518 0.5 0.5 0 -0.3973 0.9177
-19.9397 82.0028 17.4892 0.625 0.5 -0.35 -0.398 0.848
-12.4827 65.6023 11.6626 0.5 1 0.0001 0.6249 0.7807
-12.4827 73.3925 11.4804 0.5 0.75 0.0001 -0.3539 0.9353
-16.9956 73.3925 10.593 0.625 0.75 -0.3565 -0.3552 0.8642
-12.4827 91.8432 0 0.5 0 -0 1 0
-12.4827 88.9731 19.8629 0.5 0.25 0 0.5658 0.8245
-4.6657 88.9731 18.3305 0.375 0.25 0.3148 0.565 0.7626
-5.0256 82.0029 17.4892 0.375 0.5 0.35 -0.398 0.848
-4.6657 88.9731 18.3305 0.375 0.25 0.3148 0.565 0.7626
-12.4827 88.9731 19.8629 0.5 0.25 0 0.5658 0.8245
-7.9697 73.3925 10.593 0.375 0.75 0.3564 -0.3553 0.8641
-5.0256 82.0029 17.4892 0.375 0.5 0.35 -0.398 0.848
-12.4827 82.0028 18.9518 0.5 0.5 0 -0.3973 0.9177
-7.9051 65.6023 10.7588 0.375 1 0.2979 0.6256 0.721
-7.9697 73.3925 10.593 0.375 0.75 0.3564 -0.3553 0.8641
-12.4827 73.3925 11.4804 0.5 0.75 0.0001 -0.3539 0.9353
-12.4827 91.8432 0 0.375 0 -0 1 0
-4.6657 88.9731 18.3305 0.375 0.25 0.3148 0.565 0.7626
1.6385 88.9731 14.1211 0.25 0.25 0.5833 0.5652 0.5834
0.9895 82.0028 13.4722 0.25 0.5 0.6484 -0.3987 0.6485
1.6385 88.9731 14.1211 0.25 0.25 0.5833 0.5652 0.5834
-4.6657 88.9731 18.3305 0.375 0.25 0.3148 0.565 0.7626
-4.3254 73.3925 8.1572 0.25 0.75 0.6607 -0.3559 0.6609
0.9895 82.0028 13.4722 0.25 0.5 0.6484 -0.3987 0.6485
-5.0256 82.0029 17.4892 0.375 0.5 0.35 -0.398 0.848
-4.2022 65.6023 8.2805 0.25 1 0.5518 0.6253 0.5519
-4.3254 73.3925 8.1572 0.25 0.75 0.6607 -0.3559 0.6609
-7.9697 73.3925 10.593 0.375 0.75 0.3564 -0.3553 0.8641
-12.4827 91.8432 0 0.25 0 -0 1 0
1.6385 88.9731 14.1211 0.25 0.25 0.5833 0.5652 0.5834
5.8478 88.9731 7.8169 0.125 0.25 0.7626 0.5651 0.3148
5.0065 82.0028 7.457 0.125 0.5 0.848 -0.398 0.35
5.8478 88.9731 7.8169 0.125 0.25 0.7626 0.5651 0.3148
1.6385 88.9731 14.1211 0.25 0.25 0.5833 0.5652 0.5834
-1.8897 73.3925 4.513 0.125 0.75 0.8642 -0.3552 0.3565
5.0065 82.0028 7.457 0.125 0.5 0.848 -0.398 0.35
0.9895 82.0028 13.4722 0.25 0.5 0.6484 -0.3987 0.6485
-1.7239 65.6023 4.5776 0.125 1 0.7211 0.6255 0.298
-1.8897 73.3925 4.513 0.125 0.75 0.8642 -0.3552 0.3565
-4.3254 73.3925 8.1572 0.25 0.75 0.6607 -0.3559 0.6609
-12.4827 91.8432 0 0.125 0 -0 1 0
5.8478 88.9731 7.8169 0.125 0.25 0.7626 0.5651 0.3148
7.3802 88.9731 0 0 0.25 0.8245 0.5658 -0
6.4691 82.0028 0 0 0.5 0.9177 -0.3973 -0
7.3802 88.9731 0 0 0.25 0.8245 0.5658 -0
5.8478 88.9731 7.8169 0.125 0.25 0.7626 0.5651 0.3148
-1.0023 73.3925 0 0 0.75 0.9353 -0.3539 -0.0001
6.4691 82.0028 0 0 0.5 0.9177 -0.3973 -0
5.0065 82.0028 7.457 0.125 0.5 0.848 -0.398 0.35
-0.82 65.6023 0 0 1 0.7807 0.6249 -0.0001
-1.0023 73.3925 0 0 0.75 0.9353 -0.3539 -0.0001
-1.8897 73.3925 4.513 0.125 0.75 0.8642 -0.3552 0.3565
12.0608 60.4088 -10.4426 0.875 0.25 0.218 0.9718 -0.0902
-1.7239 65.6023 -4.5776 0.875 0 0.721 0.6256 -0.2979
-0.82 65.6023 0 1 0 0.7807 0.6249 -0.0001
31.8973 56.8553 -18.8825 0.875 0.5 0.1596 0.985 -0.066
12.0608 60.4088 -10.4426 0.875 0.25 0.218 0.9718 -0.0902
14.1227 60.4088 0 1 0.25 0.2366 0.9716 -0
49.7165 53.3018 -26.4641 0.875 0.75 0.3505 0.9253 -0.1447
31.8973 56.8553 -18.8825 0.875 0.5 0.1596 0.985 -0.066
35.6257 56.8553 0 1 0.5 0.1731 0.9849 0
57.4494 48.1083 -29.7543 0.875 1 0.4856 0.8507 -0.2015
49.7165 53.3018 -26.4641 0.875 0.75 0.3505 0.9253 -0.1447
54.9419 53.3018 0 1 0.75 0.3797 0.9251 -0
6.4071 60.4087 -18.8898 0.75 0.25 0.1666 0.9718 -0.1666
-4.2022 65.6023 -8.2805 0.75 0 0.5519 0.6253 -0.5518
-1.7239 65.6023 -4.5776 0.875 0 0.721 0.6256 -0.2979
21.6742 56.8553 -34.1569 0.75 0.5 0.1219 0.985 -0.1219
6.4071 60.4087 -18.8898 0.75 0.25 0.1666 0.9718 -0.1666
12.0608 60.4088 -10.4426 0.875 0.25 0.218 0.9718 -0.0902
35.3888 53.3018 -47.8714 0.75 0.75 0.2677 0.9256 -0.2677
21.6742 56.8553 -34.1569 0.75 0.5 0.1219 0.985 -0.1219
31.8973 56.8553 -18.8825 0.875 0.5 0.1596 0.985 -0.066
41.3404 48.1083 -53.823 0.75 1 0.3713 0.851 -0.3713
35.3888 53.3018 -47.8714 0.75 0.75 0.2677 0.9256 -0.2677
49.7165 53.3018 -26.4641 0.875 0.75 0.3505 0.9253 -0.1447
-2.0401 60.4088 -24.5434 0.625 0.25 0.0902 0.9718 -0.218
-7.9051 65.6023 -10.7588 0.625 0 0.298 0.6255 -0.7211
-4.2022 65.6023 -8.2805 0.75 0 0.5519 0.6253 -0.5518
6.3999 56.8553 -44.3799 0.625 0.5 0.066 0.985 -0.1596
-2.0401 60.4088 -24.5434 0.625 0.25 0.0902 0.9718 -0.218
6.4071 60.4087 -18.8898 0.75 0.25 0.1666 0.9718 -0.1666
13.9815 53.3018 -62.1992 0.625 0.75 0.1447 0.9253 -0.3505
6.3999 56.8553 -44.3799 0.625 0.5 0.066 0.985 -0.1596
21.6742 56.8553 -34.1569 0.75 0.5 0.1219 0.985 -0.1219
17.2716 48.1083 -69.932 0.625 1 0.2015 0.8507 -0.4856
13.9815 53.3018 -62.1992 0.625 0.75 0.1447 0.9253 -0.3505
35.3888 53.3018 -47.8714 0.75 0.75 0.2677 0.9256 -0.2677
-12.4827 60.4088 -26.6054 0.5 0.25 -0 0.9716 -0.2366
-12.4827 65.6023 -11.6626 0.5 0 -0.0001 0.6249 -0.7807
-7.9051 65.6023 -10.7588 0.625 0 0.298 0.6255 -0.7211
-12.4827 56.8553 -48.1083 0.5 0.5 0 0.9849 -0.1731
-12.4827 60.4088 -26.6054 0.5 0.25 -0 0.9716 -0.2366
-2.0401 60.4088 -24.5434 0.625 0.25 0.0902 0.9718 -0.218
-12.4827 53.3018 -67.4246 0.5 0.75 -0 0.9251 -0.3797
-12.4827 56.8553 -48.1083 0.5 0.5 0 0.9849 -0.1731
6.3999 56.8553 -44.3799 0.625 0.5 0.066 0.985 -0.1596
-12.4827 48.1083 -75.8071 0.5 1 -0 0.8501 -0.5267
-12.4827 53.3018 -67.4246 0.5 0.75 -0 0.9251 -0.3797
13.9815 53.3018 -62.1992 0.625 0.75 0.1447 0.9253 -0.3505
-22.9253 60.4088 -24.5434 0.375 0.25 -0.0902 0.9718 -0.218
-17.0602 65.6023 -10.7588 0.375 0 -0.2979 0.6256 -0.721
-12.4827 65.6023 -11.6626 0.5 0 -0.0001 0.6249 -0.7807
-31.3652 56.8553 -44.3799 0.375 0.5 -0.066 0.985 -0.1596
-22.9253 60.4088 -24.5434 0.375 0.25 -0.0902 0.9718 -0.218
-12.4827 60.4088 -26.6054 0.5 0.25 -0 0.9716 -0.2366
-38.9468 53.3018 -62.1992 0.375 0.75 -0.1447 0.9253 -0.3505
-31.3652 56.8553 -44.3799 0.375 0.5 -0.066 0.985 -0.1596
-12.4827 56.8553 -48.1083 0.5 0.5 0 0.9849 -0.1731
-42.2369 48.1083 -69.932 0.375 1 -0.2015 0.8507 -0.4856
-38.9468 53.3018 -62.1992 0.375 0.75 -0.1447 0.9253 -0.3505
-12.4827 53.3018 -67.4246 0.5 0.75 -0 0.9251 -0.3797
-31.3725 60.4087 -18.8898 0.25 0.25 -0.1666 0.9718 -0.1666
-20.7631 65.6023 -8.2805 0.25 0 -0.5518 0.6253 -0.5519
-17.0602 65.6023 -10.7588 0.375 0 -0.2979 0.6256 -0.721
-46.6396 56.8553 -34.1569 0.25 0.5 -0.1219 0.985 -0.1219
-31.3725 60.4087 -18.8898 0.25 0.25 -0.1666 0.9718 -0.1666
-22.9253 60.4088 -24.5434 0.375 0.25 -0.0902 0.9718 -0.218
-60.3541 53.3018 -47.8714 0.25 0.75 -0.2677 0.9256 -0.2677
-46.6396 56.8553 -34.1569 0.25 0.5 -0.1219 0.985 -0.1219
-31.3652 56.8553 -44.3799 0.375 0.5 -0.066 0.985 -0.1596
-66.3057 48.1083 -53.823 0.25 1 -0.3713 0.851 -0.3713
-60.3541 53.3018 -47.8714 0.25 0.75 -0.2677 0.9256 -0.2677
-38.9468 53.3018 -62.1992 0.375 0.75 -0.1447 0.9253 -0.3505
-37.0261 60.4088 -10.4426 0.125 0.25 -0.218 0.9718 -0.0902
-23.2414 65.6023 -4.5776 0.125 0 -0.7211 0.6255 -0.298
-20.7631 65.6023 -8.2805 0.25 0 -0.5518 0.6253 -0.5519
-56.8626 56.8553 -18.8825 0.125 0.5 -0.1596 0.985 -0.066
-37.0261 60.4088 -10.4426 0.125 0.25 -0.218 0.9718 -0.0902
-31.3725 60.4087 -18.8898 0.25 0.25 -0.1666 0.9718 -0.1666
-74.6818 53.3018 -26.4641 0.125 0.75 -0.3505 0.9253 -0.1447
-56.8626 56.8553 -18.8825 0.125 0.5 -0.1596 0.985 -0.066
-46.6396 56.8553 -34.1569 0.25 0.5 -0.1219 0.985 -0.1219
-82.4147 48.1083 -29.7543 0.125 1 -0.4856 0.8507 -0.2015
-74.6818 53.3018 -26.4641 0.125 0.75 -0.3505 0.9253 -0.1447
-60.3541 53.3018 -47.8714 0.25 0.75 -0.2677 0.9256 -0.2677
-39.088 60.4088 0 0 0.25 -0.2366 0.9716 0
-24.1453 65.6023 0 0 0 -0.7807 0.6249 0.0001
-23.2414 65.6023 -4.5776 0.125 0 -0.7211 0.6255 -0.298
-60.591 56.8553 0 0 0.5 -0.1731 0.9849 -0
-39.088 60.4088 0 0 0.25 -0.2366 0.9716 0
-37.0261 60.4088 -10.4426 0.125 0.25 -0.218 0.9718 -0.0902
-79.9072 53.3018 0 0 0.75 -0.3797 0.9251 0
-60.591 56.8553 0 0 0.5 -0.1731 0.9849 -0
-56.8626 56.8553 -18.8825 0.125 0.5 -0.1596 0.985 -0.066
-88.2897 48.1083 0 0 1 -0.5267 0.8501 0
-79.9072 53.3018 0 0 0.75 -0.3797 0.9251 0
-74.6818 53.3018 -26.4641 0.125 0.75 -0.3505 0.9253 -0.1447
-37.0261 60.4088 10.4426 0.875 0.25 -0.218 0.9718 0.0902
-23.2414 65.6023 4.5776 0.875 0 -0.721 0.6256 0.2979
-24.1453 65.6023 0 1 0 -0.7807 0.6249 0.0001
-56.8626 56.8553 18.8825 0.875 0.5 -0.1596 0.985 0.066
-37.0261 60.4088 10.4426 0.875 0.25 -0.218 0.9718 0.0902
-39.088 60.4088 0 1 0.25 -0.2366 0.9716 0
-74.6818 53.3018 26.4641 0.875 0.75 -0.3505 0.9253 0.1447
-56.8626 56.8553 18.8825 0.875 0.5 -0.1596 0.985 0.066
-60.591 56.8553 0 1 0.5 -0.1731 0.9849 -0
-82.4147 48.1083 29.7543 0.875 1 -0.4856 0.8507 0.2015
-74.6818 53.3018 26.4641 0.875 0.75 -0.3505 0.9253 0.1447
-79.9072 53.3018 0 1 0.75 -0.3797 0.9251 0
-31.3725 60.4087 18.8898 0.75 0.25 -0.1666 0.9718 0.1666
-20.7631 65.6023 8.2805 0.75 0 -0.5519 0.6253 0.5518
-23.2414 65.6023 4.5776 0.875 0 -0.721 0.6256 0.2979
-46.6396 56.8553 34.1569 0.75 0.5 -0.1219 0.985 0.1219
-31.3725 60.4087 18.8898 0.75 0.25 -0.1666 0.9718 0.1666
-37.0261 60.4088 10.4426 0.875 0.25 -0.218 0.9718 0.0902
-60.3541 53.3018 47.8714 0.75 0.75 -0.2677 0.9256 0.2677
-46.6396 56.8553 34.1569 0.75 0.5 -0.1219 0.985 0.1219
-56.8626 56.8553 18.8825 0.875 0.5 -0.1596 0.985 0.066
-66.3057 48.1083 53.823 0.75 1 -0.3713 0.851 0.3713
-60.3541 53.3018 47.8714 0.75 0.75 -0.2677 0.9256 0.2677
-74.6818 53.3018 26.4641 0.875 0.75 -0.3505 0.9253 0.1447
-22.9253 60.4088 24.5434 0.625 0.25 -0.0902 0.9718 0.218
-17.0602 65.6023 10.7588 0.625 0 -0.298 0.6255 0.7211
-20.7631 65.6023 8.2805 0.75 0 -0.5519 0.6253 0.5518
-31.3652 56.8553 44.3799 0.625 0.5 -0.066 0.985 0.1596
-22.9253 60.4088 24.5434 0.625 0.25 -0.0902 0.9718 0.218
-31.3725 60.4087 18.8898 0.75 0.25 -0.1666 0.9718 0.1666
-38.9468 53.3018 62.1992 0.625 0.75 -0.1447 0.9253 0.3505
-31.3652 56.8553 44.3799 0.625 0.5 -0.066 0.985 0.1596
-46.6396 56.8553 34.1569 0.75 0.5 -0.1219 0.985 0.1219
-42.2369 48.1083 69.932 0.625 1 -0.2015 0.8507 0.4856
-38.9468 53.3018 62.1992 0.625 0.75 -0.1447 0.9253 0.3505
-60.3541 53.3018 47.8714 0.75 0.75 -0.2677 0.9256 0.2677
-12.4827 60.4088 26.6054 0.5 0.25 0 0.9716 0.2366
-12.4827 65.6023 11.6626 0.5 0 0.0001 0.6249 0.7807
-17.0602 65.6023 10.7588 0.625 0 -0.298 0.6255 0.7211
-12.4827 56.8553 48.1083 0.5 0.5 -0 0.9849 0.1731
-12.4827 60.4088 26.6054 0.5 0.25 0 0.9716 0.2366
-22.9253 60.4088 24.5434 0.625 0.25 -0.0902 0.9718 0.218
-12.4827 53.3018 67.4246 0.5 0.75 0 0.9251 0.3797
-12.4827 56.8553 48.1083 0.5 0.5 -0 0.9849 0.1731
-31.3652 56.8553 44.3799 0.625 0.5 -0.066 0.985 0.1596
-12.4827 48.1083 75.8071 0.5 1 0 0.8501 0.5267
-12.4827 53.3018 67.4246 0.5 0.75 0 0.9251 0.3797
-38.9468 53.3018 62.1992 0.625 0.75 -0.1447 0.9253 0.3505
-2.0401 60.4088 24.5434 0.375 0.25 0.0902 0.9718 0.218
-7.9051 65.6023 10.7588 0.375 0 0.2979 0.6256 0.721
-12.4827 65.6023 11.6626 0.5 0 0.0001 0.6249 0.7807
6.3999 56.8553 44.3799 0.375 0.5 0.066 0.985 0.1596
-2.0401 60.4088 24.5434 0.375 0.25 0.0902 0.9718 0.218
-12.4827 60.4088 26.6054 0.5 0.25 0 0.9716 0.2366
13.9815 53.3018 62.1992 0.375 0.75 0.1447 0.9253 0.3505
6.3999 56.8553 44.3799 0.375 0.5 0.066 0.985 0.1596
-12.4827 56.8553 48.1083 0.5 0.5 -0 0.9849 0.1731
17.2716 48.1083 69.932 0.375 1 0.2015 0.8507 0.4856
13.9815 53.3018 62.1992 0.375 0.75 0.1447 0.9253 0.3505
-12.4827 53.3018 67.4246 0.5 0.75 0 0.9251 0.3797
6.4071 60.4087 18.8898 0.25 0.25 0.1666 0.9718 0.1666
-4.2022 65.6023 8.2805 0.25 0 0.5518 0.6253 0.5519
-7.9051 65.6023 10.7588 0.375 0 0.2979 0.6256 0.721
21.6742 56.8553 34.1569 0.25 0.5 0.1219 0.985 0.1219
6.4071 60.4087 18.8898 0.25 0.25 0.1666 0.9718 0.1666
-2.0401 60.4088 24.5434 0.375 0.25 0.0902 0.9718 0.218
35.3888 53.3018 47.8714 0.25 0.75 0.2677 0.9256 0.2677
21.6742 56.8553 34.1569 0.25 0.5 0.1219 0.985 0.1219
6.3999 56.8553 44.3799 0.375 0.5 0.066 0.985 0.1596
41.3404 48.1083 53.823 0.25 1 0.3713 0.851 0.3713
35.3888 53.3018 47.8714 0.25 0.75 0.2677 0.9256 0.2677
13.9815 53.3018 62.1992 0.375 0.75 0.1447 0.9253 0.3505
12.0608 60.4088 10.4426 0.125 0.25 0.218 0.9718 0.0902
-1.7239 65.6023 4.5776 0.125 0 0.7211 0.6255 0.298
-4.2022 65.6023 8.2805 0.25 0 0.5518 0.6253 0.5519
31.8973 56.8553 18.8825 0.125 0.5 0.1596 0.985 0.066
12.0608 60.4088 10.4426 0.125 0.25 0.218 0.9718 0.0902
6.4071 60.4087 18.8898 0.25 0.25 0.1666 0.9718 0.1666
49.7165 53.3018 26.4641 0.125 0.75 0.3505 0.9253 0.1447
31.8973 56.8553 18.8825 0.125 0.5 0.1596 0.985 0.066
21.6742 56.8553 34.1569 0.25 0.5 0.1219 0.985 0.1219
57.4494 48.1083 29.7543 0.125 1 0.4856 0.8507 0.2015
49.7165 53.3018 26.4641 0.125 0.75 0.3505 0.9253 0.1447
35.3888 53.3018 47.8714 0.25 0.75 0.2677 0.9256 0.2677
14.1227 60.4088 0 0 0.25 0.2366 0.9716 -0
-0.82 65.6023 0 0 0 0.7807 0.6249 -0.0001
-1.7239 65.6023 4.5776 0.125 0 0.7211 0.6255 0.298
35.6257 56.8553 0 0 0.5 0.1731 0.9849 0
14.1227 60.4088 0 0 0.25 0.2366 0.9716 -0
12.0608 60.4088 10.4426 0.125 0.25 0.218 0.9718 0.0902
54.9419 53.3018 0 0 0.75 0.3797 0.9251 -0
35.6257 56.8553 0 0 0.5 0.1731 0.9849 0
31.8973 56.8553 18.8825 0.125 0.5 0.1596 0.985 0.066
63.3244 48.1083 0 0 1 0.5267 0.8501 -0
54.9419 53.3018 0 0 0.75 0.3797 0.9251 -0
49.7165 53.3018 26.4641 0.125 0.75 0.3505 0.9253 0.1447
